data/inputs/developed_coverage_100m_clip.asc
ncols        931
nrows        857
xllcorner    218937.920000000013
yllcorner    602820.800000000047
cellsize     100.000000000000
NODATA_value 0
[rows 330 to 395 of 857, columns 384 to 479 of 931]
0 0 0 298 24 0 0 519 0 0 0 561 260 0 6297 9743 8119 9549 5380 698 0 0 0 0 2809 1126 0 3047 7533 2033 8061 7239 5450 606 2452 128 201 905 5857 8500 8642 6913 5406 2116 114 1939 7987 7912 8591 6391 4958 6902 6993 6556 6915 6775 5857 7381 9654 8051 3291 6000 8780 8498 8068 7253 8568 9093 8966 8913 5750 7047 9110 8597 9029 8753 9282 8363 8423 6323 866 7508 5520 6676 6254 8858 8518 8643 4067 0 0 0 0 0 934 167
8309 2092 2785 6358 2261 616 537 728 0 0 0 615 600 268 4817 9189 9804 9557 9959 5659 3743 4370 3820 2960 4057 1246 0 0 4242 6674 7981 7865 7510 2075 2884 0 6609 8958 8291 8334 8466 9011 9704 9033 8279 2445 3184 8134 6010 8506 6980 9612 9764 8714 9716 9722 8578 9756 8186 7732 9340 9704 9746 8444 8284 9060 5907 9773 8766 8814 7471 9227 6602 7661 7518 8460 9018 8328 8473 3470 8689 8157 7445 1678 4330 8216 7947 4047 1564 0 0 0 0 325 870 0
4514 1279 2648 5295 64 0 0 502 499 474 443 722 0 715 7492 9801 9825 8636 9920 9973 4561 0 0 0 881 16 0 171 8052 5270 6675 8337 8108 6686 1301 0 7801 8338 6319 6271 7947 9379 6655 7974 8225 3866 3039 6994 7999 9715 7996 6682 9526 9736 9626 8062 9167 9727 8624 4120 9649 9593 9589 8801 5032 6190 7470 9338 9474 4562 9653 9616 8836 9506 9400 8826 6866 8710 8720 5881 6402 7204 4805 1703 5198 7703 7789 2138 364 4 0 0 484 1899 0 0
0 0 650 6093 627 0 0 0 0 0 146 879 0 0 2254 8165 9578 8575 9628 6891 1706 2123 0 0 948 4144 457 0 3819 4080 5163 7021 7506 2387 0 4172 7097 6685 3889 2303 2469 1427 4281 7453 8847 5611 7818 9624 8058 6555 7997 8469 6925 9256 8911 9843 8023 4264 3649 5489 8244 9849 9565 7689 8561 9651 8472 9597 8297 5168 9661 8696 9164 7279 7959 8113 3578 6947 7453 2144 9241 7371 4860 4763 5798 3692 2555 5 350 0 0 386 844 122 1305 1101
0 0 30 517 985 238 0 0 0 101 874 0 0 0 1172 4197 7958 8068 5572 2534 7292 4533 0 0 72 802 0 129 4734 1406 3286 5092 2102 3345 4022 8541 8092 8611 7976 7628 8905 7543 7744 8710 7017 5678 2315 5986 8250 8373 7780 6251 1447 8684 9875 9674 1787 0 3291 8179 7972 8935 9010 9179 8624 8384 6652 4565 4655 6516 9535 9323 4840 7592 9037 8485 2119 8319 9646 3174 4367 1408 0 1428 5547 8548 4796 72 0 0 0 1119 0 0 1423 271
0 0 0 0 0 750 600 0 33 980 0 0 0 0 3437 1752 1830 2566 6405 6236 9635 2176 0 0 0 765 0 3391 3751 4196 4265 2061 4407 7165 6786 8316 8973 10000 9414 9703 8835 8480 9446 8421 7323 7575 4370 3223 3382 6330 9339 5298 5714 9701 9023 9405 2814 2956 3294 8369 9509 8578 9660 9278 7673 9717 5899 4395 4206 8747 8066 9398 6225 8747 8953 7498 2300 3110 8799 2240 6855 4438 783 6200 6878 6831 2799 1057 599 0 451 2027 670 58 0 0
0 0 0 0 0 0 550 501 3961 1259 43 677 0 711 5371 0 0 820 938 5629 3892 510 0 0 0 678 1597 6727 4326 5343 2025 4173 6156 3111 5507 6872 6411 9431 9152 8982 8266 9561 7963 6074 9477 9553 9360 9020 5401 5351 9293 4861 4318 6306 5889 9804 8674 8868 2849 7821 8650 9198 7714 9530 9219 6334 916 3274 8665 8938 9470 9364 9653 8947 9520 7753 7733 9078 9711 5556 7124 7330 8604 7485 8184 1357 99 0 0 0 1233 1552 233 0 0 0
1358 94 0 0 0 0 0 579 792 3583 1087 4236 995 5716 3570 1243 0 2 724 1985 1230 1510 69 0 0 2 4471 5644 196 3137 5377 3783 2188 7462 8517 8761 3077 7471 8901 7227 1647 3481 8706 7029 7548 5321 5969 7529 6759 6012 7082 7431 4940 5420 8113 7634 4735 735 3115 8240 8056 8713 5911 7393 2934 1068 647 538 5250 9025 9710 3832 6837 9146 9637 8821 8841 7035 8299 5326 7660 8101 6990 8101 3906 0 0 0 0 61 1227 0 0 0 0 0
2430 832 0 0 0 0 0 0 0 0 0 0 0 6348 5398 2728 0 0 623 718 1985 3632 92 0 0 2487 7408 3041 2532 511 478 597 1835 8379 7739 7407 2223 7471 9573 8044 4547 7028 8232 7925 7064 5999 6330 7075 7082 8255 8500 2041 4420 5088 8160 7157 4533 1212 4413 8239 7619 8196 8817 9345 7741 7560 6722 9116 7439 7631 6940 8447 8833 8032 5967 6560 5856 4806 9344 5717 9082 9308 8551 5611 77 0 0 0 0 690 4488 0 0 0 0 0
0 1060 0 0 0 0 0 0 0 0 0 0 0 1222 3823 2253 0 0 1386 0 6460 7110 1245 0 47 3274 5498 2828 1845 77 200 19 1904 8097 7928 8867 2085 9055 8946 7280 7592 6313 6084 6289 3944 1871 4493 6126 6493 8159 6493 4572 7742 7901 8899 8040 8082 9321 9430 9481 7952 8413 9279 8244 8091 9630 8274 9350 6639 914 2036 5662 9096 9114 6016 9043 8357 6938 7893 4939 6546 5481 4946 2113 4288 0 0 0 0 80 980 0 0 0 0 0
0 1025 152 0 0 0 0 0 0 0 0 0 0 0 874 29 0 0 149 491 1286 3 0 44 234 6040 767 1479 0 145 56 61 11 4628 7653 8188 2353 8895 6479 7153 8692 9263 7720 6330 7188 8728 9131 9395 9383 9073 5465 8450 6189 8005 7881 8208 8090 8899 9499 9767 9811 7023 7897 8792 7202 9855 9716 9694 7982 5716 4220 6494 9046 8624 8322 8395 6664 6631 2743 6126 9419 7864 8231 4109 9596 2574 0 0 0 1063 6 0 0 0 0 0
0 120 1340 0 0 0 0 0 0 0 0 0 0 0 130 1334 0 0 0 706 627 346 0 0 4023 843 1016 3461 0 0 0 0 188 9184 9051 7221 4542 7503 7216 3792 6356 9499 7962 9295 9058 8985 8954 8101 9379 4918 8183 4841 3132 6892 9255 9133 1740 3682 7210 7211 7367 6627 5006 5770 4454 5559 7041 9272 7748 6019 6615 8686 9448 9402 6753 7511 9389 8161 8091 1885 1361 4673 5512 1329 9434 2867 0 0 6 1410 0 0 0 0 0 0
0 0 1050 0 0 0 0 0 0 0 0 0 0 0 2009 3773 477 0 0 10 710 1372 0 2947 893 904 2348 4324 581 794 4678 3934 2168 5986 6593 7636 8410 9614 4357 8821 7290 9565 9010 9588 8106 9562 9367 5648 3411 7795 8338 7012 7934 9723 9755 5779 377 711 3715 3403 3967 9346 8540 4804 1060 5404 7765 6821 7935 8013 9350 8475 8392 8498 9208 8282 7514 6654 7713 9450 8986 4187 761 7652 5739 1 0 0 940 235 0 0 0 0 0 0
66 0 188 928 0 0 0 0 0 0 0 0 0 152 896 0 638 522 0 0 0 2277 2942 1270 1846 4104 2997 4440 4479 5869 6741 5986 6032 7915 6724 8539 8571 9742 9661 6854 7064 9482 7505 4649 6694 8535 9201 6995 1861 7709 8701 9430 7972 8408 9125 8580 4833 2603 6398 6928 9172 9310 8200 7227 4846 8167 7907 6798 6975 7094 8247 8861 8633 9335 7811 5620 8987 9457 8680 9675 6244 2 1342 9640 1964 0 0 0 971 0 0 0 0 0 0 0
3460 0 0 2092 902 0 0 0 0 0 664 185 241 1197 0 0 0 576 997 1181 3414 3491 4050 8657 6822 8065 4230 5481 5175 4695 8679 7856 7026 8753 8087 8072 9264 8377 9791 9498 8070 9214 6816 3780 5643 6905 7743 8624 5300 6961 8741 9699 9065 9567 7944 7926 8513 9907 8852 8600 9866 10000 9497 8805 4605 2501 6487 9572 8452 8446 8364 6672 8010 8863 6848 6227 9214 8795 7517 8013 6583 3925 6664 8322 0 0 0 33 754 0 0 0 0 0 0 0
1083 0 0 633 880 340 0 0 0 787 1945 1247 690 0 0 945 3556 3457 5330 3396 386 2523 8122 9861 9096 9715 4410 6178 6857 9664 9788 8074 7544 8636 7715 8247 9150 8612 7536 6685 5824 5979 5102 6068 7231 7005 9354 9458 9523 6870 5001 5216 6790 8230 8419 6420 7386 7325 9281 9743 9425 9928 10000 8951 9397 785 208 9165 9315 8146 8126 8598 7719 8115 7623 8647 8836 6852 2211 44 4867 2972 3013 4767 0 0 0 923 151 0 0 0 0 0 0 0
0 0 290 320 0 1264 963 858 981 1559 0 0 0 422 5287 3752 366 0 0 234 2899 8418 7074 7651 9407 9664 3869 4171 9283 9573 8523 5616 4576 8232 9406 9765 7251 7756 8737 5306 806 0 5704 9433 7732 6938 9384 9134 8789 9640 9633 9188 8746 7169 6773 9108 9540 9527 8613 5768 7524 8477 8549 9298 8959 2627 0 7197 7423 8746 9788 7855 8406 7409 8888 8104 6385 7412 8856 2959 2833 0 0 4 0 0 0 1047 0 0 0 0 0 0 0 0
0 0 4269 1886 14 790 0 0 296 727 0 0 1499 5733 881 0 0 0 0 2522 8458 9762 7961 7563 7542 7729 7874 7505 9411 9580 9273 8933 3142 5452 6032 8929 8674 9823 9879 8899 360 628 4861 7526 7636 8090 8749 9249 8014 8514 9451 8161 8596 6948 9484 7879 8616 4891 3014 2682 8880 8595 6975 7438 7787 6446 2048 7179 7466 9880 9811 8662 8629 9020 8194 5713 5749 4933 6611 27 0 0 0 204 0 0 940 123 0 0 0 0 0 0 0 0
0 0 1101 237 0 0 0 381 1294 0 0 1363 4954 91 0 0 0 0 1071 8962 4620 9287 9329 4206 7347 9173 8908 8833 8719 9151 6733 6223 2724 1921 7979 7396 8349 9768 9531 8035 4010 4454 4366 6725 7105 6276 8442 8849 4291 5763 6196 3880 7228 9584 9655 1394 1862 3269 5848 6028 8370 8878 7822 8052 7325 5893 2916 4138 5225 7184 9694 9544 8612 7542 9325 9163 3322 4572 5775 2653 0 0 0 0 0 0 976 0 0 7 1247 0 0 0 0 0
0 0 0 0 0 0 4130 2212 113 5 2826 3583 21 0 0 0 0 0 864 2307 0 1382 2638 1775 1615 5129 8072 8116 6833 4978 4547 1360 4712 6482 9037 8953 8338 8561 3906 981 36 4052 5596 7447 6680 7654 8649 5604 8482 8876 9005 6621 8035 8391 6309 3055 8528 9513 6886 7379 5834 6543 8366 9613 6834 6939 2602 6471 5950 4088 5412 9725 7146 8860 8034 8454 9470 8050 5575 7595 1824 261 0 0 0 559 538 0 0 2336 4149 25 0 0 0 0
0 0 0 0 0 0 1095 906 1900 4816 1803 0 0 0 0 2204 117 299 451 0 0 209 2281 5974 6666 2917 9053 7269 8632 8995 8830 9285 7789 9287 9550 9833 9797 8707 2725 0 330 7161 6105 8824 8460 8540 6879 7947 8290 9620 9452 9497 7038 8962 7612 1758 7290 9628 9409 7130 7729 5492 8454 7532 7622 4229 7220 7572 1025 3323 3961 7584 7030 7396 6977 6888 7114 6777 7376 8000 4687 882 0 0 0 1068 285 901 1068 2828 1118 1128 1220 1167 1121 1049
19 0 0 0 55 2691 6603 3504 1678 0 0 0 0 2 193 3048 942 962 0 0 0 1240 6064 8311 1817 8966 8775 7685 7001 8758 7425 8959 8527 5747 7445 9562 8247 1132 0 25 4018 8730 7212 9009 7107 3542 2015 7156 7916 6787 8251 8456 5574 8665 8011 2842 7136 8497 9348 8545 6681 6997 9660 7961 8121 3808 4675 5811 2317 5971 5360 5087 7468 7326 6219 5799 5885 7177 6165 1451 0 951 1232 1208 1201 1596 834 240 0 155 794 1302 0 0 0 0
3656 3651 4535 2980 3113 1916 2878 152 0 0 0 0 0 156 4849 8894 3405 38 0 2497 1649 4054 1639 2511 0 3957 9634 6946 7183 5291 6794 9221 3772 7745 8623 925 372 0 1 5740 9634 8191 6587 5876 8035 8672 6732 7287 7961 8857 8233 7102 5319 6932 6395 5410 7907 9647 9458 8826 6953 9079 9401 9655 8654 9666 8393 4730 3301 8061 8156 6686 6237 6889 5007 6592 8184 4776 0 0 0 0 0 0 73 340 0 0 0 0 11 1467 604 791 2 0
0 0 0 0 405 2787 1758 0 0 0 0 0 0 0 2723 1714 3 29 2924 6332 3940 0 0 0 0 0 3346 8844 9384 9195 9592 8472 8291 8713 2797 0 0 0 4180 9877 8383 7423 2291 4916 8258 6448 1994 5983 6559 5670 9184 9290 9756 7484 7121 5861 6803 3550 6690 8019 6325 9727 9484 6359 8281 8076 5033 4721 8048 7971 7011 6463 8602 6412 6298 9088 8050 1755 0 0 14 0 0 0 435 0 0 0 0 0 0 0 0 77 1185 602
0 0 0 0 42 4656 0 0 0 0 0 0 0 0 1046 170 0 1664 3053 202 2920 761 0 0 0 0 0 4218 9710 7996 8700 9393 9575 8403 2460 0 19 1387 3305 7836 8648 1282 860 1465 5478 6795 5910 7481 5677 8528 9036 9700 9115 7657 2356 2636 2042 5980 7474 6438 6286 9696 6755 2432 9035 7089 7920 6009 6912 8199 8017 7971 5863 4454 6982 5915 3024 1130 0 0 0 0 0 1223 1593 0 0 0 0 0 0 0 0 0 1276 3116
0 25 0 61 1451 443 0 0 0 0 0 0 0 0 0 1540 1279 220 832 3390 0 0 0 0 0 0 0 195 8136 4049 3730 9556 8127 9292 8799 1625 7965 8366 8199 6484 2555 182 2027 2865 3695 4605 4576 3349 5315 4863 6668 8430 8133 3763 111 1 228 6305 2997 1017 3859 3773 8067 3379 8930 9252 7919 6681 7563 4636 8564 6699 4070 5446 9184 8811 4721 2328 40 1754 166 0 233 4549 3 0 0 0 0 0 0 0 0 0 665 6832
1 6572 851 1628 483 0 0 0 0 0 0 0 0 0 962 714 1948 529 4524 4298 841 4283 2050 0 0 0 0 0 192 0 4159 8137 9114 9361 4633 7179 8601 7789 7513 1555 2457 7392 5684 5903 4626 4283 4574 1130 6576 8342 6084 3506 4397 3345 1383 4309 7556 5945 9181 6123 1164 1423 4485 1208 4725 6882 8268 5678 8781 7458 8439 9598 9977 9708 8836 6834 6237 1756 3487 9516 3916 1222 0 1535 0 0 0 0 0 0 0 0 0 52 1267 2159
1337 9637 7961 2888 18 0 0 0 0 1082 1011 0 658 1639 166 0 5 130 784 513 663 258 106 0 0 0 0 0 0 0 2390 9492 6678 7630 7936 9412 8048 7512 3686 2241 7485 8233 5451 6101 7406 8353 5101 8324 9230 5282 8622 4404 3598 6812 6429 6963 9784 7448 6583 4380 6862 4508 3086 3375 5700 8323 8973 9383 8711 9780 5325 9279 9155 9392 9446 4887 2719 3350 590 3072 3565 69 0 0 0 0 0 0 0 0 0 0 0 0 1936 0
5927 9533 6766 556 0 0 0 0 0 2428 4519 1701 775 0 0 45 0 0 0 631 620 0 0 0 0 0 0 0 0 0 0 1552 186 3394 6121 7630 9624 2483 4333 7723 7741 7033 707 6851 6994 9219 8430 6377 8612 4007 2421 3740 8607 8841 7612 6805 6489 8086 4516 2663 7147 72 584 2923 9374 8414 9938 9958 9874 8295 6971 8251 9633 5470 832 2581 642 406 135 5192 6063 4049 0 0 0 0 0 0 0 0 0 0 0 0 0 0
9421 4119 772 0 0 0 0 0 0 3579 3730 211 50 0 0 0 0 0 0 0 1250 0 1563 617 0 0 0 0 0 0 0 110 8024 6845 5397 2951 3461 4871 5774 8273 5827 1290 1413 8972 7351 7307 6598 7212 5255 1425 2160 7898 6435 9301 9084 7346 7509 8483 2328 3866 5051 854 32 2968 8906 7664 9600 8863 7933 2104 6789 6168 2520 751 3470 3717 661 677 1151 1936 2247 590 0 0 0 0 0 0 0 0 0 0 0 0 0 0
4693 72 0 0 0 0 2534 1036 1974 890 311 2666 1204 0 0 0 0 0 3032 0 1954 1024 5498 2843 0 0 0 0 0 0 0 250 4722 7606 8873 5389 2096 7067 8036 7887 3873 1185 4270 7693 8203 4373 6083 5324 1890 3863 5520 8367 7626 5601 7922 2004 7087 6377 1361 5284 5303 7861 670 3531 9214 6591 8831 5199 638 543 2071 3759 4306 7194 4866 3 236 376 19 646 249 324 0 0 0 0 0 0 0 0 0 0 0 0 0 0
8626 516 520 979 0 0 1559 1968 19 0 0 0 0 0 0 0 0 0 4122 1510 206 286 1617 0 0 0 0 0 0 0 0 7296 7271 8541 6651 6138 3677 8109 9075 7871 5545 7161 9187 6536 8115 8012 8796 6023 7630 8994 9181 9198 9119 7230 3403 2180 3006 5919 7486 6309 3820 2319 0 3881 8172 7257 8548 2350 58 8172 3059 5837 6808 6862 3 0 0 677 2535 894 0 0 0 0 0 0 0 0 0 0 0 0 0 0 0 0
9553 5655 0 1501 721 4198 2368 330 0 0 0 0 0 0 0 0 0 0 0 0 0 0 1186 386 0 0 0 0 0 0 400 6919 6367 4031 9203 7683 6641 4994 7120 7304 8227 8361 8775 6924 4920 6585 4516 5487 6333 8203 8812 9103 9256 2868 4512 6145 4899 7795 7754 8472 9036 7380 6736 4785 9104 7366 2042 2243 1380 3032 7494 5125 8544 6974 348 0 0 0 158 2 0 0 0 0 0 0 0 0 0 0 0 0 0 0 0 0
8401 1640 763 1926 1746 933 34 719 3399 1202 0 0 0 0 0 26 0 0 0 0 1018 776 2338 812 485 0 0 0 0 27 1165 125 4006 6995 9209 6787 5542 7129 6869 8954 9110 7911 7150 7500 5505 7283 6859 6889 6974 6208 6886 4065 2789 3446 8671 7704 6070 5090 5714 7811 9641 6218 5307 3515 4075 4587 7333 3428 3789 501 6791 3834 4280 8753 0 0 0 0 0 0 0 0 0 0 0 0 0 0 0 0 0 0 115 0 0 0
2878 554 4874 4333 11 0 0 0 4445 2387 0 0 0 0 41 395 0 0 0 0 779 3924 1358 0 980 0 0 0 1174 1595 190 3640 9440 5721 7176 9755 4683 2183 7261 6035 9155 8904 9039 9075 9046 8619 6683 5875 3224 6301 5448 2056 1928 8553 7142 8415 8047 8162 9433 9973 8364 7551 9050 7962 7518 5766 4840 8036 4989 0 306 622 2447 8422 852 0 0 0 0 0 0 0 56 268 0 0 44 1020 546 0 340 956 3556 1643 0 0
5262 8328 8687 6398 276 0 0 0 0 0 0 0 0 0 0 556 0 0 0 0 0 0 0 0 216 1508 0 0 3083 2027 2246 8281 6047 5820 8842 9589 3880 7537 3611 7178 9084 9392 9765 9017 5578 7855 7878 8885 9838 5849 6771 5068 2989 1797 6125 5324 5413 9065 9778 4546 3117 6655 5234 4540 5226 3767 3958 5465 1955 4570 4901 3141 5912 5101 3307 0 0 0 0 0 0 0 0 0 0 42 1198 4015 223 291 737 0 0 2957 497 0
7259 9504 7503 5543 982 0 0 0 0 0 0 0 0 0 0 375 549 24 0 0 0 0 0 0 0 324 753 1247 847 0 109 3005 5439 3819 4017 6549 3931 3128 1423 2397 3488 3316 3215 3162 946 7730 4265 3333 3864 3196 4087 4960 0 0 0 730 1156 3485 590 125 0 96 0 0 941 5534 8722 7727 2426 7196 6406 8018 7162 7493 7599 0 0 0 0 0 0 0 0 120 494 461 0 0 790 412 0 0 0 0 0 0
8068 9646 6602 6475 5981 0 0 0 0 0 0 37 0 0 0 0 0 0 0 0 0 0 50 849 280 0 624 3817 6510 693 5984 2109 5772 9674 8095 9169 6871 5561 7077 7940 8771 7377 9791 7370 7357 9403 9658 8526 8463 4216 508 885 0 0 701 869 990 2054 0 0 0 0 2145 3371 5947 6471 7650 1630 24 4979 1747 90 86 4107 9149 1621 0 0 26 501 743 0 480 368 0 0 483 626 115 0 0 0 0 0 0 0
9443 9755 9638 6878 670 0 0 0 45 706 6368 2150 0 0 0 0 0 0 0 0 0 15 695 576 7527 822 599 0 568 962 3190 9671 7147 5917 2141 2718 4302 7920 6017 6829 6646 6025 6589 7961 7151 9571 9469 5896 1568 0 88 669 0 0 0 0 0 0 0 0 0 1901 8308 4978 6741 5312 910 1830 9065 9582 4297 0 0 2164 3180 826 0 0 1025 5656 5367 789 74 0 552 773 221 0 0 0 0 0 0 0 0 0
6152 9814 8762 4273 242 0 30 620 488 0 2727 0 0 0 0 0 63 0 0 0 22 673 1 0 223 1029 0 0 0 0 993 2147 917 50 0 68 1178 5623 7898 9744 4501 8769 9427 9779 9470 4535 2086 0 668 318 821 116 0 0 0 0 0 0 0 0 0 2544 4932 3836 5124 2975 468 700 6780 7854 3229 0 0 517 1303 246 29 1124 143 6321 2411 0 468 617 58 0 0 0 0 0 0 0 0 0 0 0
3303 3262 352 1 1988 24 996 733 0 0 0 0 0 0 0 0 145 203 0 0 774 0 0 10 1267 226 0 0 0 0 0 0 0 0 0 0 0 252 5329 9608 8207 7588 9482 7475 2354 30 0 0 0 678 1155 0 0 0 0 0 0 0 0 0 0 0 0 0 3842 6516 9365 5396 9330 5850 183 74 154 87 2402 4152 587 436 579 341 0 0 972 0 0 0 0 0 0 0 0 0 0 0 0 0
1006 0 0 0 923 1953 1 0 0 0 0 0 2 0 0 0 0 0 0 0 699 0 0 718 2345 7929 683 0 0 0 0 0 0 0 0 0 0 0 313 6540 7787 8425 2744 683 2401 0 0 0 0 0 810 0 0 0 0 0 0 0 965 653 0 0 0 0 1622 3785 9489 9993 9748 8173 8744 3646 0 263 2247 3716 4670 1985 0 0 0 0 752 0 0 0 0 0 0 0 0 0 0 0 0 0
0 0 0 3744 975 1304 701 0 0 0 0 11 5635 3222 0 0 0 0 0 0 182 541 709 66 123 2051 495 0 0 0 0 0 0 0 0 0 0 3279 7303 9794 7583 2512 0 0 0 0 0 0 0 0 779 0 0 0 0 0 0 616 894 25 0 0 0 0 0 4632 7677 8425 7040 4715 5025 2074 752 2925 1107 2085 1662 1426 2806 2861 1189 1247 889 0 0 0 0 0 0 0 0 0 0 0 0 0
0 0 0 111 192 1999 2440 1064 1036 1924 4514 3356 928 178 1271 1436 1481 1045 544 0 0 162 211 0 0 0 0 0 0 0 0 0 0 0 0 0 0 3055 9165 4860 631 0 0 0 0 0 0 0 0 0 1036 0 0 0 0 0 43 535 0 0 0 0 0 0 0 2672 1966 5318 4750 2554 0 0 0 2862 199 0 0 0 14 1537 0 28 1559 1400 86 0 0 0 0 0 0 0 0 0 0 0
0 0 0 165 2938 5787 93 1605 0 0 633 1140 0 0 0 0 0 0 686 1148 602 0 0 0 0 0 0 0 0 0 0 0 0 0 0 0 0 2823 4823 0 0 0 0 0 0 0 0 0 0 1234 930 0 0 0 0 0 935 1165 347 0 0 0 0 0 0 2478 4621 73 0 142 578 461 1567 114 0 0 0 0 0 0 0 47 5 21 1385 1084 0 0 0 0 0 0 0 0 0 0
0 0 2671 2693 0 17 0 754 968 0 0 0 0 0 0 0 0 0 0 0 750 3398 3964 990 0 5 0 0 0 0 0 23 32 0 0 0 0 4448 1858 0 0 0 0 0 0 0 0 0 737 7552 1285 0 0 0 0 0 1033 0 1167 950 480 0 0 0 567 412 1839 202 0 96 433 757 468 552 0 0 0 0 0 0 0 0 0 0 0 604 1985 119 0 0 0 0 0 0 0 0
1085 1135 782 1 0 0 0 0 1212 273 0 0 0 0 0 0 0 0 0 0 0 357 1321 0 0 95 0 0 0 2165 850 1956 1244 859 873 1599 1028 447 2298 252 0 0 0 0 0 0 0 0 0 657 1022 0 0 0 0 921 194 0 0 328 475 1099 9 418 1487 0 0 0 0 4 997 0 0 1083 0 0 0 0 0 0 0 0 0 0 2314 797 63 1400 0 0 0 0 0 0 0 0
661 0 477 0 0 0 0 0 240 4136 0 0 0 0 0 0 0 0 0 0 0 0 148 1072 805 0 0 0 1307 3510 0 0 0 0 621 298 0 0 564 1465 10 0 0 0 0 0 0 0 0 0 1054 0 0 0 865 547 0 0 0 0 0 28 2177 4004 1331 368 0 0 0 938 64 0 0 624 445 0 0 0 0 0 0 0 0 0 257 0 0 1499 46 0 0 0 113 0 0 0
217 0 468 0 0 0 0 0 0 317 2746 125 0 0 0 0 0 0 0 0 0 0 0 0 208 1184 181 0 322 1990 1405 0 0 1818 929 0 0 0 0 1390 3079 0 0 0 0 0 0 0 0 0 1336 808 855 3914 2992 0 0 0 0 0 0 261 1008 0 0 812 0 0 0 1082 16 0 0 0 1114 0 0 0 0 0 0 0 0 0 0 0 0 35 1422 0 0 3563 6056 7 1264 0
1349 0 123 1019 212 0 0 0 0 3767 6186 1823 425 0 0 0 0 0 0 0 0 0 0 0 0 0 1147 1095 1493 734 0 0 0 2160 1030 0 0 0 0 564 2834 283 0 0 0 0 0 0 0 0 994 0 2718 4864 836 0 0 0 0 0 0 0 0 0 0 269 665 0 0 1103 3977 0 0 0 915 708 1388 0 0 0 0 0 0 0 0 0 0 670 2431 1795 788 1263 6078 1125 2331 0
0 0 0 2963 780 0 0 0 0 1246 388 1036 1254 1300 40 0 0 0 0 0 0 0 0 0 0 0 0 1422 8298 1757 0 0 0 1415 628 0 0 0 0 0 0 875 0 0 0 0 0 0 0 0 822 0 577 1197 0 0 0 0 0 0 0 0 0 0 0 703 1068 0 0 0 0 0 0 0 4241 4115 0 0 0 0 0 0 0 0 0 53 529 543 104 0 983 941 310 0 0 0
0 0 0 0 0 0 0 0 0 0 976 946 1192 25 1263 670 0 0 0 0 0 0 0 0 0 0 0 0 2882 289 0 0 0 0 914 0 0 0 0 0 0 503 350 0 0 0 0 0 0 48 4579 2208 1831 0 0 0 0 0 0 0 0 0 0 0 933 649 0 0 0 0 0 0 0 0 488 1942 499 0 0 0 0 0 371 0 0 0 0 0 0 0 0 1688 218 0 0 0
0 0 0 0 0 0 0 0 0 321 864 0 1768 0 0 652 1261 37 0 0 827 1099 0 0 0 0 0 0 0 0 0 0 0 0 916 0 0 0 0 0 0 0 942 7 0 0 0 0 0 0 5992 5686 758 0 0 0 0 0 0 0 0 0 0 0 1014 0 0 0 0 0 0 0 0 0 0 113 2445 2389 0 0 0 0 373 1262 0 0 0 0 0 0 0 209 1313 0 0 0
783 0 0 0 0 0 0 0 0 1460 0 0 1525 0 0 0 24 1268 989 1153 1978 4250 0 0 0 0 0 0 0 0 0 0 93 0 807 0 0 0 0 0 0 0 40 1815 0 417 0 0 0 200 4295 938 469 0 0 0 0 0 0 0 0 0 0 459 589 0 0 0 0 0 489 2484 0 0 0 0 722 193 0 0 0 0 0 0 299 0 0 0 0 0 0 0 2489 423 0 0
0 0 0 0 0 0 0 264 4129 199 0 0 1806 0 0 0 0 0 0 0 913 630 0 0 0 0 0 0 0 0 0 0 0 56 974 380 60 0 0 0 0 0 0 4009 2394 7199 191 0 0 1247 0 0 632 898 0 0 0 0 0 0 0 0 0 1300 0 0 0 0 0 0 67 2379 527 0 0 0 303 583 0 0 0 0 0 0 0 0 0 0 0 0 0 1869 1880 4189 20 0
0 0 0 0 0 0 0 726 6146 0 0 319 1170 0 0 0 0 0 0 0 904 71 0 0 0 0 0 0 0 0 0 0 0 172 1524 3697 2526 806 0 0 0 0 0 2098 3 948 115 0 1087 102 0 0 0 327 984 0 0 0 0 0 0 159 1076 1532 0 0 0 0 0 0 0 544 310 0 0 0 0 1050 0 0 0 0 0 1963 2144 0 0 0 0 618 1496 5557 77 1233 3698 19
0 0 0 0 0 329 727 3713 736 0 0 0 2462 141 0 0 0 0 0 0 1036 0 0 0 0 0 0 0 0 0 0 0 1695 3695 713 889 429 254 0 0 0 0 0 0 0 0 996 896 329 0 0 0 0 0 872 354 0 0 0 0 0 4542 7899 5465 0 0 0 0 0 0 0 0 902 0 0 0 0 594 347 0 0 0 0 610 504 0 375 1609 1220 963 0 3569 0 0 415 3224
0 0 0 0 646 443 0 1454 368 0 0 479 3720 786 0 0 0 0 0 0 148 1538 0 0 0 0 0 0 0 0 0 0 179 1055 5232 323 0 0 0 0 0 0 0 0 0 0 255 1108 0 0 0 0 0 0 0 1250 0 0 0 0 0 64 2305 2277 0 0 0 0 0 0 0 0 895 0 0 0 0 0 1012 44 0 0 669 5235 2955 1289 3640 2181 0 0 0 0 0 0 0 3
0 0 0 854 160 0 0 961 19 0 0 5745 3082 259 801 0 0 0 0 0 0 133 2923 22 0 0 0 0 0 0 0 0 0 741 694 481 2829 0 0 0 0 0 0 0 0 172 1084 1022 0 0 0 0 0 0 0 295 871 0 0 0 105 0 913 199 0 0 0 0 0 0 0 0 113 775 0 30 402 831 1638 4000 1226 1239 615 0 0 0 0 0 0 0 0 0 0 0 0 0
0 0 31 583 0 0 546 277 0 0 45 2269 0 0 824 0 0 0 0 0 0 0 48 1603 1476 0 0 0 0 0 0 0 0 727 0 0 409 0 0 0 0 0 0 0 218 3915 1808 552 456 0 0 0 0 0 0 0 1711 1386 4596 2831 2874 1217 1209 2004 1518 1263 1272 1275 2571 5394 4303 1322 1377 1455 1350 1297 953 401 2 2891 52 0 0 0 0 0 0 0 0 0 0 0 0 0 0 0
0 0 703 61 0 0 816 0 0 0 0 0 0 308 868 466 0 0 0 0 0 0 0 1305 4707 1320 461 0 0 0 0 0 0 648 0 0 0 0 0 0 0 0 717 987 1065 0 60 12 800 0 0 0 0 433 2155 5941 1148 61 0 0 0 0 0 0 902 0 0 0 0 622 621 0 0 0 0 0 0 0 0 128 797 0 0 0 0 0 0 0 0 0 0 0 0 0 0 0
0 149 4036 0 0 0 783 0 0 0 0 0 815 383 0 0 0 0 0 0 0 0 0 0 0 0 861 793 0 0 0 0 0 796 0 0 0 0 133 6823 658 1163 299 0 348 292 0 0 477 488 568 1596 1162 712 0 130 1055 0 0 0 0 0 0 0 971 0 0 0 0 2380 3023 0 0 0 0 0 0 0 0 0 1047 0 0 0 0 0 0 0 0 0 0 0 0 0 0 0
0 0 709 0 0 0 394 530 0 0 0 0 857 0 0 18 0 0 0 0 0 0 0 0 0 0 0 738 0 0 0 0 0 523 456 0 0 0 193 4002 895 786 0 0 0 4454 0 0 0 4496 3799 3249 0 0 0 0 907 196 0 0 0 0 0 0 1114 0 0 0 0 0 0 0 0 0 0 0 0 0 0 0 1124 0 0 0 0 0 0 0 0 0 0 0 0 0 0 0
0 0 0 0 0 0 0 1016 0 0 0 0 1142 0 0 0 0 0 0 0 0 0 0 0 0 0 0 2715 1313 0 0 0 0 0 926 431 769 866 869 0 0 757 612 0 97 1122 0 110 0 757 26 45 0 0 0 0 0 1107 0 0 0 0 0 0 522 553 0 0 0 0 0 0 0 0 0 0 0 0 0 0 1025 0 0 0 0 0 0 0 0 0 0 0 0 0 0 0
0 0 0 0 0 0 0 1180 16 0 0 2209 1836 0 0 0 0 0 0 0 0 0 0 0 0 0 0 85 2939 0 0 0 0 0 4135 2199 0 1012 0 0 0 1712 3429 0 0 0 0 0 0 0 0 0 0 0 0 0 0 869 0 0 0 0 1499 0 281 1453 0 0 0 0 0 0 0 0 0 0 0 0 0 0 905 1434 0 0 0 0 0 0 0 0 0 0 0 0 0 0
0 0 0 0 0 0 837 771 0 0 0 141 614 0 0 0 0 0 0 0 0 0 0 0 0 0 0 0 0 0 0 0 0 0 531 0 89 791 0 0 0 0 0 0 0 0 0 0 0 0 0 0 0 0 0 0 0 833 0 0 0 542 6372 1110 649 1183 0 0 0 0 0 0 0 0 0 0 0 0 0 0 1051 318 0 0 0 0 0 0 0 0 0 0 0 0 0 0
