data/inputs/developed_coverage_100m_clip.asc
ncols        931
nrows        857
xllcorner    218937.920000000013
yllcorner    602820.800000000047
cellsize     100.000000000000
NODATA_value 0
[rows 132 to 197 of 857, columns 384 to 479 of 931]
0 0 713 5688 281 110 1097 1284 3064 854 961 1171 1124 1361 290 1028 0 0 0 0 0 2239 1095 372 2540 0 0 0 0 609 4451 1129 791 744 439 3510 1010 5250 230 0 0 0 0 0 0 659 1287 0 0 0 0 0 0 0 0 0 0 0 0 0 0 0 0 58 2321 870 196 0 0 0 0 0 0 0 0 0 476 4 0 37 3157 3363 2119 1214 3 388 0 0 0 0 0 0 0 0 0 563
0 0 180 2203 986 3525 91 0 0 0 0 0 0 0 0 1103 1090 957 998 971 1004 1624 3281 2306 363 0 238 5588 3575 1021 629 872 949 450 0 0 658 4831 5115 55 0 0 0 0 781 574 729 0 0 0 0 0 0 0 0 0 0 0 0 0 0 0 0 1334 56 6935 740 0 0 0 0 0 0 387 316 989 1155 810 1236 1174 666 3641 0 0 269 228 0 0 0 0 0 0 0 0 0 0
65 0 254 3687 5 2278 367 35 0 0 0 0 0 7 566 0 1216 123 2036 0 0 488 943 1440 1178 1304 1543 3475 0 0 0 14 831 2074 4632 53 0 2230 5489 3577 947 1255 0 0 1442 3179 0 0 0 0 0 0 0 0 0 0 0 0 0 0 0 45 1143 1952 800 1263 0 0 0 0 111 1010 1092 86 0 60 0 0 0 0 678 403 0 0 521 0 0 0 0 0 0 0 0 0 0 504
770 1149 1231 941 2432 6930 2348 0 0 0 0 0 0 531 788 3821 1140 3536 3447 0 0 0 0 0 0 860 0 0 0 0 0 5903 2130 1930 981 0 0 0 176 0 1928 1172 0 0 1465 1155 0 69 0 0 0 0 3304 2 0 0 0 0 0 996 1328 1129 77 0 546 1054 0 0 0 1130 1396 224 0 0 0 0 213 0 0 0 1016 0 0 15 528 0 367 225 479 0 0 155 1044 797 555 3149
0 2667 1244 2784 2049 233 472 1158 0 151 3020 0 0 0 0 2724 0 0 0 0 0 0 0 0 0 884 0 0 0 0 0 888 18 0 1226 0 0 0 0 0 1291 1456 0 0 6066 2351 0 130 886 245 891 1688 1378 131 164 0 685 1232 2438 1635 0 0 0 0 0 269 1838 210 895 263 0 0 0 0 0 0 643 0 0 0 1120 0 0 1769 1611 853 849 60 93 284 718 1584 3496 1082 3718 4112
246 977 1701 6030 2426 0 74 881 415 42 1810 486 0 62 2234 309 0 0 0 0 0 0 0 0 689 1278 1084 283 0 0 0 0 0 0 97 1132 0 0 0 0 0 1396 1453 2 2276 4780 1168 1537 7063 146 0 0 1164 0 616 2394 2239 5023 2848 66 0 0 0 0 0 940 1698 895 0 467 0 0 0 0 0 0 1058 0 0 0 1061 0 655 3238 662 59 0 0 0 2446 9920 9961 6974 2355 3018 2565
5856 443 0 0 489 603 0 0 709 929 1038 1174 1621 1608 3930 0 0 0 0 0 0 0 0 0 0 960 0 804 1001 942 908 145 0 0 0 531 683 0 0 0 0 223 2218 2627 5136 3114 0 0 2917 2643 0 0 128 1324 1265 68 0 351 0 0 0 0 0 488 450 158 0 711 4604 2398 2352 160 0 444 339 0 1258 384 463 227 1183 1276 1455 2712 585 0 0 0 1431 8672 7850 7647 4187 1603 4036 8346
948 0 0 0 0 1100 0 0 0 0 0 2077 1393 0 129 453 356 0 0 41 0 0 0 0 0 970 0 0 0 0 946 4335 1451 2444 267 0 1079 2 0 0 0 0 21 85 6576 5629 0 391 812 309 221 3028 1245 722 0 0 0 0 0 0 0 0 1223 1353 0 0 0 0 2066 840 59 1699 278 4240 2991 0 718 63 0 0 1823 6859 2925 724 2403 0 0 36 4533 7403 8551 4780 0 557 6811 9646
2162 924 0 0 0 485 1948 0 0 0 669 592 0 0 0 370 38 0 0 0 0 0 0 134 0 583 390 0 0 0 0 0 280 619 686 585 518 447 0 0 0 442 1185 3969 9592 9658 6435 7041 2281 3582 5826 4905 21 0 0 0 0 0 35 673 852 1393 331 0 0 0 0 1227 1894 0 1955 4826 6935 3598 1420 2003 784 3168 3831 4161 2416 6955 7679 8445 7153 327 0 2170 8962 7288 4229 45 1350 590 1317 8858
63 166 1146 117 0 0 6128 2013 0 686 387 0 0 0 0 177 567 171 40 0 0 11 0 0 0 166 929 0 0 587 1320 2704 2235 178 0 422 1464 0 0 0 825 8914 8908 9764 9391 9530 4704 9261 7234 8029 9563 6437 411 268 356 699 869 1309 1473 655 889 976 0 0 0 0 0 2717 5926 4276 3339 6117 847 853 524 2175 4101 7054 9970 9668 5659 7607 7139 8136 9333 4793 3735 3260 1184 1616 1694 5489 9046 7996 9546 8062
0 0 0 992 397 0 3421 1640 870 1315 776 0 0 0 0 0 0 554 2523 376 676 34 0 0 50 15 490 818 3555 5441 6538 4971 833 0 43 0 239 853 0 17 0 2317 8726 9696 8745 8500 6222 9629 9756 9297 6442 2526 689 20 0 0 0 0 0 0 987 278 0 0 0 0 0 0 1855 0 0 4214 2138 1389 2761 8959 9651 9753 6809 8951 7281 4203 8556 9146 7210 4761 6348 7168 8580 8483 9482 9628 9533 7792 7751 2366
0 0 0 0 792 299 0 836 8241 4469 3 0 0 0 0 0 0 0 0 0 7 453 0 0 0 0 0 544 5285 7245 3952 5012 582 0 0 0 0 169 2466 2701 1185 100 3144 6126 1350 4499 9572 9441 6939 1583 1621 1377 0 0 0 0 0 0 0 144 0 0 0 221 857 542 2073 1122 1354 855 1149 856 49 0 85 6717 9529 4762 7208 8015 8113 5724 6897 9157 6222 9613 9256 9649 8564 9742 9527 8127 9492 6336 5640 6023
0 0 0 0 0 0 0 0 1210 283 0 0 0 0 0 0 0 0 0 0 340 950 0 0 0 0 0 3911 8919 8745 8925 8241 3871 22 0 0 0 0 1618 422 0 0 0 0 828 7184 6808 8758 9630 9525 7370 961 0 0 935 870 0 0 0 0 0 0 64 0 183 2488 1122 2499 36 0 0 0 0 0 0 1537 5647 4280 6267 8361 8199 7496 7077 7955 5056 6975 7935 9720 8440 9339 9766 9654 9828 7842 2492 7344
366 780 0 0 0 0 0 0 0 1022 0 0 0 0 0 0 0 0 0 0 0 1291 166 0 246 351 109 5233 7404 7497 8687 7269 4380 4102 36 0 0 0 629 855 1397 2010 4192 7082 8009 7227 6398 9609 9264 9779 2366 191 427 370 2696 1504 0 452 36 209 422 1198 383 0 1852 733 0 1619 545 1268 4794 2349 5952 6736 7056 9025 4120 3904 4733 5865 8702 8413 7857 5545 4236 9356 8471 9684 9467 9110 8689 8867 9496 8393 5607 1872
0 2319 433 0 742 4307 1302 0 0 1832 199 0 0 0 0 0 0 0 0 0 0 604 3719 992 2155 3940 3774 9895 7993 1485 1157 262 4981 6670 1861 0 0 0 28 6586 8900 8108 9336 9367 6181 9099 9829 9846 8712 4525 452 0 907 1146 1423 1832 2461 2501 2319 1462 992 1071 1072 2148 2369 0 0 4693 5128 8147 9421 6577 8615 9667 9979 10000 9703 9383 9301 7541 7210 7610 5356 3711 2693 5065 8229 8306 9417 9163 8404 8231 9682 8766 8662 8722
0 0 0 1066 8197 9184 3931 439 500 1498 1361 0 0 117 0 1182 1906 0 0 0 0 0 445 5629 0 0 2060 8934 4674 0 0 0 4740 7716 3866 0 0 0 0 6735 9625 8702 7114 8589 9123 9349 6775 3995 1944 492 1930 1431 1363 0 0 0 0 0 111 852 1328 1163 980 49 1292 180 0 6087 9729 9753 9029 6487 8006 9489 9529 9959 9933 9940 9484 9060 8544 7391 8293 8592 6833 613 9049 9168 9739 9499 9222 9043 9854 9210 9393 9456
0 0 0 0 2373 1140 0 0 0 1462 1639 0 269 1155 3975 5376 1729 542 95 1230 68 3440 2106 1475 0 1159 4518 7121 5060 2140 674 364 936 1521 118 1202 1134 1214 1585 2642 864 7 0 64 2832 4529 3214 1223 2233 2121 1963 2509 0 0 0 0 0 0 0 0 0 0 1607 776 1754 688 0 3319 9384 9451 8921 6930 9854 9835 9900 9857 5397 9752 7737 9855 6211 7948 8488 8916 7397 1521 9297 9216 7747 9509 9066 9529 9722 8364 8386 9806
0 0 0 0 0 0 0 0 911 2468 4206 1566 3280 3149 0 282 8226 5383 2748 4205 2317 3732 5328 3403 4110 7516 7171 7675 9778 5474 3334 2136 4729 1680 850 592 0 0 0 0 0 0 0 0 0 1933 3815 887 33 63 31 711 0 0 0 0 0 0 168 0 0 606 3333 3242 456 568 0 784 2389 2475 501 5035 9811 9814 9660 6078 5211 7631 9141 6022 4519 9437 8942 8300 5699 1275 4341 4247 1520 6714 5581 6263 6980 5416 3432 1488
0 0 0 0 0 566 0 0 390 116 6254 4104 0 0 0 4 877 457 0 0 0 0 1751 1242 2293 2013 618 1174 3272 9888 9348 6379 3444 0 0 0 0 0 0 0 695 2526 2488 565 867 3152 186 916 917 0 0 0 0 0 0 0 0 0 303 0 0 0 0 0 0 216 1465 443 0 0 0 210 7581 9751 9846 8419 7602 1583 2251 8450 6892 9239 9012 7953 8760 4446 1982 1493 2600 310 2385 4165 5382 5989 6537 6763
0 0 0 0 0 5960 1555 435 936 6325 3663 6790 765 0 0 0 0 636 0 0 150 1827 1955 940 0 0 0 0 3879 4980 5003 2408 1538 8 0 0 0 0 0 1162 2903 634 1094 2331 2043 965 0 2 6878 788 0 0 0 0 0 0 0 0 0 731 0 0 0 0 1200 1122 0 0 0 0 0 0 4146 8241 5545 1893 2866 6216 6424 7581 6428 9105 8311 5491 9235 9059 7157 6012 5367 5183 4417 4095 8133 5606 4706 4239
0 0 0 0 219 6273 6903 4632 5503 356 0 1697 2173 0 0 281 0 643 748 1513 1553 58 0 0 0 0 0 0 0 0 0 0 96 1550 0 0 0 0 1664 2315 41 0 0 0 0 0 0 0 259 1450 1028 1569 1794 615 797 6 0 0 0 6742 23 0 0 2018 811 0 0 0 0 0 45 858 368 1615 5210 2372 1168 4910 9157 7296 8391 8808 3077 1439 8856 9669 9447 9872 9537 9372 9656 8383 9672 9762 9419 9702
0 0 0 0 1082 1799 0 0 0 0 0 0 0 0 0 944 1294 1400 725 0 0 0 0 0 0 0 0 0 0 0 0 0 0 359 1244 0 0 1846 2123 0 0 0 0 0 0 0 0 0 0 2629 6587 676 0 102 715 783 681 318 168 3443 2233 2368 2392 376 15 0 0 0 0 124 1517 613 0 1069 8962 5258 1619 6779 8167 9555 8195 6862 2546 4305 9021 9330 9449 9218 9579 9198 9191 8386 7924 3603 526 1381
95 26 16 2034 1835 564 218 0 0 0 0 0 0 2306 2469 2693 100 0 0 0 0 0 0 0 0 0 0 0 0 0 0 0 0 0 635 963 1939 1702 0 0 0 0 0 0 0 0 0 0 0 4004 1073 0 0 0 0 0 0 0 65 990 3346 5084 192 0 0 0 96 857 603 1342 320 0 0 0 1698 499 77 5550 9720 9549 8837 4647 5973 6385 8897 9148 6906 6693 9307 3884 3164 342 208 450 5959 1966
1653 4963 4277 871 999 0 206 1078 0 250 874 415 530 1288 286 2043 0 0 0 0 0 0 0 0 0 0 0 0 0 0 0 0 0 0 0 1052 3066 0 0 0 0 0 0 0 0 0 0 0 42 2269 0 0 0 0 0 0 0 0 0 407 5489 996 267 456 1700 2580 2891 609 142 0 0 0 0 0 0 2602 6805 6121 9597 9518 9436 9546 8242 9566 9348 8750 1523 2941 8011 5478 7489 874 242 1451 9482 9861
935 3465 2309 0 0 0 0 110 957 959 1628 884 0 387 2057 2310 0 0 0 0 0 0 0 0 0 0 34 777 1505 1362 1607 1114 0 0 1188 1995 2421 0 0 0 0 0 0 0 0 0 123 0 0 500 675 0 0 0 209 1229 1558 1549 1194 1424 1120 809 0 0 0 0 0 395 0 0 0 0 0 0 0 6203 9917 9220 9579 9708 9657 9681 9487 9289 9914 8002 5843 5291 9256 4395 6902 3533 2245 551 5703 6329
2195 0 1349 0 0 0 0 0 0 0 1768 1042 863 1049 1832 2246 0 0 0 0 0 0 80 1324 2031 3280 4128 1458 537 500 195 1116 2741 2220 1627 556 2539 266 0 0 0 0 0 0 127 672 1082 0 0 0 2586 1277 1251 1125 799 107 0 0 0 0 0 454 306 0 0 0 0 296 0 0 0 0 0 2931 7112 7460 9591 9169 9960 9784 9795 9736 9581 8869 9241 3826 1631 7364 6522 5631 4117 9084 6922 243 4914 9572
5516 0 999 0 0 0 0 1 0 0 1321 742 357 0 183 2139 729 0 32 1110 1324 1324 1312 891 0 21 2010 0 0 0 0 2781 4718 1493 601 562 555 381 597 0 0 0 0 0 1353 2263 5051 182 0 499 1265 719 0 0 0 0 0 0 0 0 0 0 1044 0 0 0 0 0 0 0 0 0 3233 9512 9895 9556 9097 8437 7218 8073 9271 9560 9657 9709 8229 1666 96 6006 7709 8565 9572 8464 1973 1854 5442 6706
4692 20 1005 0 0 0 0 19 0 542 1347 0 0 0 0 252 1953 2017 1472 259 0 0 0 0 0 0 0 0 0 0 0 0 0 3558 0 0 68 561 1917 604 135 155 2682 2401 1021 8584 9502 7112 688 1365 0 1079 1 672 1459 3264 40 0 1 292 0 0 910 369 1084 1534 0 0 0 0 0 971 7310 7236 9435 9719 8662 8327 7306 8172 8414 9269 9879 9933 9748 3912 4989 9692 7576 7081 4148 615 1750 5686 9099 9696
0 0 990 0 0 0 0 0 0 1639 288 0 0 0 0 0 0 0 0 0 0 0 0 4032 1194 0 0 0 0 0 0 0 0 0 0 0 0 0 323 569 640 1977 621 83 0 405 5496 9600 6990 427 8 346 946 494 194 1018 417 0 0 236 0 0 180 0 63 0 0 0 0 1260 6644 8618 9499 7268 8758 9756 9623 9624 3849 8744 4658 9843 9790 9844 9880 9387 7404 9733 7027 2095 1280 3706 8120 9349 9518 7451
0 0 1517 3548 0 0 0 0 0 1686 0 0 0 0 0 0 40 0 0 219 0 197 3325 8760 2287 0 0 0 0 0 0 0 0 0 0 0 0 0 0 262 3152 5966 1532 897 0 40 1189 4128 3371 1113 3182 1347 2486 2800 5290 6500 5299 11 0 146 0 0 0 0 0 0 0 0 3073 9097 9764 9510 9458 9764 8619 8587 9144 9885 9789 8495 9768 9824 9753 9840 9809 8771 7884 6988 7231 5496 1291 6486 8244 5640 2278 544
0 0 0 1125 1371 862 46 0 0 1975 0 0 0 0 0 0 270 2042 2520 3913 0 0 253 8565 5216 0 0 0 2 1255 0 0 0 0 0 0 0 0 0 0 149 1281 2506 1516 0 0 311 3853 2010 2173 4432 2401 4373 6464 6591 8282 5669 2159 1052 704 0 0 0 51 0 0 27 3940 9614 9785 9882 8894 9100 9116 4113 1745 942 1966 7914 9896 9707 9830 9900 9862 9900 9743 9665 7571 4401 9021 3812 5313 2235 0 0 0
0 0 26 495 3893 3070 173 0 0 2877 458 0 0 0 0 685 6574 4548 766 418 0 0 0 2397 1310 211 754 1423 1487 1177 164 0 0 0 0 0 0 0 0 0 0 154 3690 9133 3199 0 545 2413 3210 6530 9267 7080 208 7253 6150 9520 4762 1210 61 1018 99 0 709 4690 0 0 2805 9757 9683 8551 9855 9634 5172 737 0 0 60 7346 9705 9940 9533 9802 9865 9846 9726 9681 9197 8261 8847 8687 5492 5041 3554 570 0 94
3132 1325 458 0 441 1699 1295 0 1689 2357 246 0 0 118 746 183 1103 0 0 0 0 0 0 0 1106 2507 614 0 0 3 1022 0 0 0 0 0 0 0 0 0 0 502 6863 9456 9089 7898 6093 8204 9435 9141 6458 2014 0 2489 7487 8565 6335 0 0 0 1428 507 213 0 0 0 312 5597 9862 8461 8756 1538 0 0 0 0 0 6011 9976 9968 9802 9778 9754 9721 9166 8493 8551 9808 9751 9342 8277 4411 5859 674 662 562
125 934 0 0 0 4425 70 0 0 1458 42 362 739 601 0 0 977 1546 0 0 0 477 779 833 673 0 0 0 0 0 1111 0 0 0 0 0 0 656 359 475 1819 8238 9910 9487 9691 8450 9418 9902 6038 97 0 0 0 2391 8025 7931 7603 1263 0 0 633 583 0 0 0 0 261 646 8061 9686 7578 0 0 0 0 0 0 808 8671 9949 9663 7864 8007 6177 5860 7174 8186 7628 8559 7793 7903 8286 1366 4471 1182 0
0 1346 200 0 649 966 1437 1119 264 1663 0 0 7 828 3731 6630 2942 275 1133 955 1407 307 0 0 0 0 0 0 0 330 5284 296 0 0 0 0 231 1167 1228 0 8847 8364 5507 4918 8232 6469 9476 6275 1216 0 0 0 34 1185 3257 2141 2280 455 0 0 0 1319 34 113 0 76 79 5263 5572 7190 5542 0 0 0 0 0 0 0 1286 5879 7544 9112 8752 5864 2400 7347 8540 8268 7701 8631 8417 7577 2444 7371 6152 399
0 1474 405 594 73 669 3839 0 33 0 61 1495 1584 4661 9132 9765 3981 0 0 0 723 0 0 0 0 0 0 0 0 18 5859 1952 0 0 96 1102 2264 2317 7059 4296 9727 6848 1107 7985 4120 8533 8370 378 0 0 0 0 0 0 0 0 0 0 0 0 0 305 1869 7146 6448 6548 3999 4670 1032 6 0 0 0 0 0 0 0 1101 5228 8756 9670 9792 9586 4041 3571 8376 6952 7804 6521 8710 9392 9241 8948 6179 355 634
1218 519 0 0 0 124 3659 770 4265 2060 1044 21 0 2644 9774 10000 6563 0 0 0 4056 834 0 0 0 0 0 0 0 0 7 2631 1254 851 1423 2274 3315 7642 9693 9677 6779 9682 9669 8443 8321 7635 5053 0 0 542 232 403 0 0 0 0 0 0 0 0 0 0 0 2536 2976 3153 4363 7041 3784 2070 0 0 0 0 0 1189 2809 1876 5441 9686 9787 8473 9762 6913 5453 8665 5698 7722 8527 7063 9683 9591 9114 7422 3182 150
0 0 0 0 0 0 1608 7884 1762 641 0 0 0 1166 9471 6962 1022 0 174 0 1102 2119 0 0 0 0 0 251 783 1197 2374 2683 1577 6038 5155 9350 8998 8893 9708 8899 8862 7206 9620 7970 9742 7415 7642 5427 4451 6198 5353 2641 232 0 0 0 0 0 0 0 0 0 0 0 0 0 216 761 6341 4645 54 0 47 1817 2602 1566 0 0 1217 9772 9928 8812 6872 9766 8389 9733 7943 9323 7641 3003 2649 3159 4203 6390 3457 4904
1102 618 0 0 0 0 0 2022 210 0 0 0 0 0 1132 0 0 0 1268 0 1392 3882 452 0 0 107 1190 2508 5518 2072 5594 8102 4770 9746 8391 7159 9756 9677 7819 5194 9055 6756 4630 7999 9741 7435 9438 10000 10000 9705 7739 8200 7668 6089 0 0 0 0 0 0 0 0 0 0 0 0 0 0 0 241 2611 1124 1421 107 0 0 0 0 0 7471 9611 8503 8813 9826 8326 8362 4928 4738 6407 4923 0 0 934 3114 0 0
1163 429 0 0 0 0 0 390 1554 0 0 0 0 0 1161 627 0 0 0 0 0 0 0 0 638 611 511 704 9567 8678 8148 8658 9502 9810 8478 4993 6074 8203 6098 6259 8655 9021 8451 4390 5876 3363 3794 4077 3378 3236 6011 7943 9246 6269 0 0 0 0 0 0 0 0 0 0 0 0 1073 2912 3589 4800 5756 3320 945 907 946 650 0 0 0 2577 8425 9660 9761 8393 7169 9731 9661 1433 0 0 0 0 2130 966 0 0
502 0 0 0 0 0 0 243 1675 0 0 0 0 0 0 0 31 0 0 0 0 0 0 547 356 0 875 117 4427 8696 9730 9771 9799 9719 9476 7968 7144 6882 8811 9270 9550 7457 8848 9948 5690 0 0 0 0 0 1177 2119 6385 5834 4782 4637 0 0 0 0 0 75 1751 4116 6439 7408 5264 2089 2378 253 389 0 0 0 0 385 982 954 932 469 7491 8798 9904 8644 9614 9539 4059 7 0 0 0 0 2830 68 0 0
68 0 0 0 0 0 0 2292 4371 286 0 0 0 0 0 1315 2025 0 0 0 0 26 961 379 0 31 0 0 194 7299 9778 7597 4774 9344 9559 9835 9767 9817 9396 7228 7174 8302 8531 5825 526 0 0 0 0 0 0 3240 5390 7245 8303 6496 0 128 2009 4090 5338 7367 6417 3732 1524 103 0 0 1161 0 0 0 0 0 0 0 0 0 0 2521 6811 5704 8185 7608 5412 2574 485 1095 0 0 0 0 4427 919 0 0
0 0 0 0 0 0 143 7071 7964 1429 0 0 0 0 0 0 0 0 0 0 217 1347 416 86 506 207 0 0 0 1108 9668 7212 6367 9512 9251 6308 9673 9748 9798 8747 8811 9634 9175 2548 52 0 0 0 243 819 836 59 414 1612 4258 5691 2399 3877 2102 262 156 0 0 0 0 0 0 0 1043 0 0 0 0 0 0 0 0 0 0 127 1958 0 582 467 0 859 860 272 0 0 0 0 3528 586 0 0
0 0 0 0 0 0 0 0 0 979 0 0 0 0 0 0 0 0 0 342 782 340 0 0 0 0 0 0 0 0 5521 7717 9802 9796 9762 9777 9885 9679 9541 8129 9738 9321 9572 9122 295 0 0 0 0 2022 2609 3412 6124 5459 8759 9582 2791 739 0 0 0 0 0 0 0 0 0 0 1060 0 0 11 0 0 0 0 0 0 0 0 0 0 0 0 0 0 2403 514 0 0 0 2268 4374 0 0 0
0 0 0 0 0 0 0 0 0 1018 0 0 0 0 0 0 0 823 0 245 135 0 0 0 0 0 0 15 2297 977 10 5433 9724 9788 9789 9702 9171 5362 9845 8008 9528 9626 9443 9706 6410 1844 1165 36 1678 5006 2950 4861 9562 8129 9035 9508 4130 771 0 0 0 0 0 0 0 0 0 0 1657 17 934 88 0 0 0 0 0 0 0 0 0 0 0 4 2192 5974 8923 7404 1509 2582 2435 4253 5888 0 0 56
1 0 0 46 928 959 1510 1161 1049 2350 0 0 0 570 0 353 6 0 0 0 0 0 0 0 0 891 2372 4457 8728 7646 516 270 5731 9372 9744 9066 9846 9750 7812 193 4038 9133 9571 9685 9610 9663 8660 6372 7895 9601 7291 4952 8989 5546 7327 8165 3086 14 0 0 0 0 0 0 0 0 1441 1189 1128 1278 5 0 0 0 0 0 0 0 0 136 0 0 0 403 5858 9284 9671 8293 8012 3192 130 3817 6930 240 157 1012
5719 4974 1051 1041 122 0 0 0 854 2300 69 733 762 1234 3081 810 926 149 0 0 0 0 0 0 0 833 3017 4187 8316 9764 3656 2432 2506 4207 7653 9809 9248 9752 8513 1220 2946 8374 7706 7812 9356 7825 8611 9755 9592 9088 5186 7094 8539 660 4129 8544 4708 0 0 0 0 0 0 2078 0 392 598 0 0 126 336 334 429 2099 0 0 0 0 0 0 0 0 0 182 1579 4244 3371 123 1059 0 0 1042 4532 1793 969 344
7462 9470 50 0 0 0 0 1038 1388 2345 645 45 0 0 0 0 363 119 0 0 0 0 0 0 0 0 860 804 6731 9754 9264 9602 9628 4663 3262 7987 7436 8409 7040 9748 8838 6260 3619 4012 7502 9470 9666 9581 8529 7938 8438 2718 4712 8573 8809 6683 5020 7 0 0 0 0 0 2918 781 1332 0 0 0 0 0 0 0 0 0 0 0 0 0 0 0 195 1807 1576 1627 653 491 0 1147 0 0 2183 2883 3099 978 0
9858 9701 962 0 0 0 0 0 0 999 0 0 0 0 0 82 231 0 0 0 0 0 0 0 803 2494 2327 1906 4867 9497 9109 9534 9340 9572 4357 2763 4065 9385 9837 8844 4065 5638 7782 4726 9131 8863 9583 9614 9422 7939 5590 942 5824 8234 9331 5429 4693 1916 1563 1059 1 0 0 0 8 994 0 0 0 0 0 0 0 0 0 0 0 0 0 0 999 7465 8573 8663 3455 91 0 0 1014 213 0 1925 2127 0 1211 633
7840 8648 418 0 0 0 1672 1091 0 1044 0 0 0 0 60 351 0 0 0 0 0 51 0 0 1482 3324 1966 1385 4580 9546 9104 9582 8964 9599 9837 7564 6943 8402 3825 2142 3301 5640 9195 9572 9309 9521 9624 9749 9449 9449 9402 7625 8759 9105 6586 8146 7885 5610 0 57 1142 170 0 0 910 67 0 0 0 0 0 0 0 0 0 0 0 0 0 0 383 6978 9927 9913 3604 0 0 0 0 1204 0 3072 2073 0 2777 1875
9569 4904 725 0 0 0 0 0 135 979 0 0 0 0 287 0 0 0 0 0 0 0 0 117 0 0 258 2044 2882 9440 9235 9555 6283 9249 9493 9679 9115 9049 3592 4661 969 2398 9122 9728 9760 9723 9840 9681 9585 9018 7332 7076 9550 9567 6647 9629 6326 0 0 0 0 1167 0 0 1129 0 0 0 0 0 0 0 0 0 0 0 0 0 0 0 0 47 3102 8057 2720 0 0 0 0 1070 0 4556 2869 502 710 0
5756 0 0 0 0 0 0 0 635 539 0 0 0 0 482 406 3333 3096 1148 0 0 0 2540 6220 530 461 577 48 2634 9599 9464 9617 9722 9497 9628 6922 9163 8859 7870 8126 9363 7982 6391 5669 6110 5508 7635 5865 7660 9675 9446 9404 7700 8008 7686 9744 7258 0 0 0 0 242 1362 979 3448 0 0 0 0 0 0 0 0 0 0 0 0 0 0 0 0 59 1010 329 0 0 0 0 0 1038 67 4853 801 553 426 666
1803 0 0 0 0 0 0 0 898 368 0 0 0 7 83 1126 10000 7576 6004 4598 1169 0 8 271 0 0 0 0 0 8310 9133 9185 9766 9535 9553 8862 8919 8856 8967 6734 4942 7543 9714 8725 3022 1440 327 4547 9526 9642 9086 9565 6480 2902 852 3262 5724 28 0 0 0 0 0 680 2737 4 0 0 0 0 0 0 0 0 0 0 0 0 0 201 915 1159 0 0 0 0 0 32 595 593 3522 5961 2949 1185 2698 5787
885 0 851 1425 162 0 0 0 1545 348 0 0 0 215 4802 6398 8462 8274 5865 7417 7588 5967 3616 814 2666 743 0 0 0 7852 8942 5615 5324 9043 9159 9213 9258 9456 8986 9496 9323 9318 9204 9547 9542 6291 62 6860 7612 9773 9776 8353 9398 8281 3788 3988 9266 1186 0 0 0 69 227 2831 725 810 0 0 0 0 0 0 0 0 0 0 0 530 963 744 0 723 0 0 0 3205 950 2175 2073 553 3853 7292 2327 3984 7141 3474
227 0 0 472 41 0 0 0 1038 825 0 0 0 209 7413 8811 8953 6320 8304 4539 4238 1444 8322 4877 5688 3734 6685 4700 4726 9700 9097 9974 9295 6376 7950 9325 9375 9482 5540 3520 1418 8179 9619 9730 9723 8113 856 6218 8153 9322 9602 8504 9751 7554 6047 8130 9317 2882 0 799 4619 3271 1897 170 968 0 0 0 0 0 0 0 0 0 805 1455 2141 483 0 0 0 1233 3899 0 0 418 118 0 409 887 2015 8762 8937 8984 1666 0
327 3211 1209 574 0 0 0 0 0 1446 106 0 0 372 4041 5470 7608 5934 8413 9405 8802 7315 8306 7532 7332 4438 4189 9704 8095 9044 9591 9703 7486 2289 7238 9154 9677 9529 3609 112 1899 7318 9611 9581 9635 8543 1544 7647 9029 8054 9546 6692 8286 7471 9436 9299 8990 5409 2371 2700 1604 0 0 0 431 434 0 0 0 0 0 0 1012 1041 245 46 0 0 0 0 0 0 0 0 0 0 0 333 995 1006 9318 8945 6827 940 0 0
2566 6055 4797 4377 3591 2165 2343 888 0 52 1258 0 894 2548 8380 6092 5988 4919 7699 9873 9804 5027 3035 4921 4598 4975 5009 7428 9587 8284 9823 8447 8346 7196 9207 9158 9420 9672 8663 8162 6848 7964 9484 9722 8700 1976 10 7533 9759 7309 7592 3018 9671 7413 9229 8863 7717 4535 39 0 0 0 0 0 1123 22 1042 969 1259 471 729 1406 912 0 0 0 0 0 0 0 0 0 0 0 0 134 1136 816 2189 8913 9083 6716 1979 1 0 0
7897 8571 9222 7894 6611 8700 9697 6946 8712 6238 5450 255 3710 8974 9896 5415 6134 5535 9713 9685 9677 9049 6248 8744 8410 9783 9431 3163 9224 8227 8917 9584 8884 9321 8911 6649 2008 6294 7062 9136 9449 9522 8134 2652 4799 9240 8699 9676 9568 9158 5076 7304 7579 6689 7408 6988 8276 7785 374 460 229 0 34 1048 1421 1025 224 0 0 746 412 12 0 0 0 0 0 0 0 0 0 0 2052 5239 1486 748 0 2942 9370 8180 3957 1702 3266 5031 71 0
7239 9533 8908 1976 2159 8561 8584 6356 7930 7990 6186 2749 5669 9682 8746 6581 2698 3238 9843 9437 9376 9098 9565 9749 9842 8540 8662 8810 8991 7671 8164 9761 9131 8245 8899 7934 3977 4195 4439 7397 6995 6273 9364 7630 8687 9133 9564 9630 9695 9619 8143 9026 6851 8666 7278 9628 9668 7386 2008 0 1149 1197 4278 5016 1906 14 0 0 0 0 0 0 0 0 0 0 0 0 0 0 0 0 3 2605 2008 1290 6729 5528 1454 1531 58 0 0 2891 3544 0
8925 9184 3800 1589 0 999 4495 1535 1379 4927 5297 4869 5881 7881 7176 1456 6752 8679 6310 4629 4484 1426 2591 8572 2539 2126 2572 4804 4457 7946 9504 9455 9270 9610 9661 9175 9002 7148 4880 3524 3494 3947 3160 4687 5629 6310 9411 9449 9686 8472 4992 7765 8832 9704 9670 7494 9449 3079 3067 367 2206 3927 9206 1713 49 23 0 0 0 0 0 0 0 0 0 0 0 0 0 0 0 0 2250 4889 2566 6350 1776 0 0 373 628 0 0 116 5354 0
9045 8998 8417 1692 0 0 0 333 4433 9241 9474 6105 8175 6980 8819 2244 3666 3952 1975 3926 4822 6117 4593 7386 0 601 5392 5014 4409 9895 9499 9525 9419 9482 8288 9536 9352 750 0 0 831 2157 0 0 0 3571 9584 9601 9179 8259 9095 8987 9007 9608 9660 9690 7317 2200 5340 7135 8663 5339 9827 3395 0 0 0 0 0 0 0 0 0 0 0 0 0 0 0 0 0 0 3012 4730 2299 2 0 0 0 0 449 0 0 0 2248 1764
8478 9362 9519 8926 2534 0 0 303 5594 9713 9443 6834 7833 8159 7498 8744 3866 414 379 6080 4929 8953 8444 8741 6684 9284 9370 6495 6996 9323 9407 9681 9354 7936 7032 5246 6526 4518 2179 1027 516 2247 586 364 0 818 9204 9705 9555 9495 8767 9683 9176 5375 7880 6445 8036 7911 8380 9825 9636 9628 9032 2613 0 64 1572 0 0 0 0 0 0 0 0 0 0 0 0 514 3268 3486 2247 0 871 0 0 0 392 0 500 10 0 0 1 3714
7045 7544 8270 9817 8673 3758 2186 6204 6953 8331 8016 8480 7096 7206 9680 8984 8093 5117 3270 2197 7269 8829 9581 9854 7739 3558 7833 5159 8537 9524 9360 9311 8398 9527 4799 3555 4963 8117 5170 5980 7138 4425 0 203 0 0 6300 8967 8592 9268 8304 9102 9546 8447 6689 9531 9653 8852 7988 9780 9862 8725 7747 842 0 55 691 53 0 0 0 0 0 0 0 0 291 2472 3264 3796 1000 0 0 0 1152 0 0 0 57 1874 6355 4263 0 1102 1700 3166
101 780 742 2284 3681 3550 4541 7744 4764 3440 4108 4210 4413 6282 8786 9284 9227 9522 9513 6827 8477 7195 8711 9298 3490 917 6048 6103 8724 8588 6041 7627 9659 8432 4299 6812 6933 6295 5833 8802 6403 7873 1295 0 0 0 3297 9504 8817 8438 8965 9501 7032 6069 8191 9308 8111 9210 6335 8293 6887 7963 5873 7574 6569 0 0 493 0 0 0 104 1171 2970 3906 3386 3142 946 0 0 0 0 0 227 6926 1502 37 2806 8132 7583 3918 6468 0 702 3776 4647
6112 4507 474 1414 65 1 39 1614 3804 2358 5734 4602 3531 5619 7157 8309 8221 7984 8541 9347 9770 6535 7883 8757 6572 6702 7625 1729 3162 1506 1159 5963 9581 7875 5370 5399 4624 6541 5725 7951 8673 8195 2508 0 0 296 643 8675 6923 7135 7968 7938 773 6361 7041 9644 8068 8466 3814 5540 6902 7725 9706 9804 9280 6376 7326 2851 0 509 3366 4190 2905 1013 11 0 0 0 0 0 0 0 0 2665 9349 9757 8300 9229 8367 6479 1206 5324 6723 7396 8400 7002
9663 9642 6683 843 0 0 1706 4634 2847 6718 6597 8689 9586 9455 7578 8820 9695 9688 5763 1468 5129 6644 8158 8350 6510 5711 8213 8141 422 0 369 6022 9095 4867 1510 1058 628 1675 996 5051 9202 8138 4550 837 0 0 3 552 7231 8975 9196 1987 0 2043 3200 6649 6833 5161 7106 8155 7328 9487 8876 8688 9631 8674 8540 3757 4570 3594 295 0 0 0 0 0 0 0 0 0 0 0 848 7602 8083 9763 8536 9026 4625 6681 8814 9493 9366 9961 6740 8009
