data/inputs/roads_proximity_100m_clip.asc
ncols        932
nrows        855
xllcorner    218844.600000000006
yllcorner    603013.516679871012
cellsize     100.000000000000
NODATA_value  -1
[rows 570 to 607 of 855, columns 602 to 687 of 932]
10000 0 0 0 0 10000 10000 10000 0 0 10000 10000 0 0 0 10000 0 0 0 0 10000 20000 10000 0 0 10000 20000 40000 50000 80000 129999.9921875 169999.984375 200000 250000 290000 339999.96875 320000 250000 200000 169999.984375 160000 169999.984375 179999.96875 129999.9921875 100000.0078125 90000 90000 40000 10000 0 0 0 0 0 10000 10000 0 0 10000 20000 50000 80000 129999.9921875 179999.96875 250000 260000 169999.984375 100000.0078125 50000 20000 10000 0 10000 40000 90000 160000 250000 360000 490000 640000 810000 1000000 1210000 1440000 1690000 1940000.125
0 0 10000 10000 10000 10000 10000 10000 10000 0 0 0 0 10000 10000 10000 10000 10000 10000 0 10000 40000 20000 10000 0 0 10000 10000 20000 50000 80000 100000.0078125 129999.9921875 169999.984375 200000 250000 250000 179999.96875 129999.9921875 100000.0078125 90000 100000.0078125 129999.9921875 80000 50000 40000 40000 20000 10000 0 10000 10000 10000 0 0 0 0 0 10000 40000 90000 129999.9921875 179999.96875 250000 320000 290000 200000 129999.9921875 80000 40000 10000 0 10000 40000 90000 160000 250000 360000 490000 640000 800000 970000.0625 1160000 1370000 1600000.125 1850000.125
0 10000 10000 0 0 0 0 0 10000 10000 10000 10000 10000 20000 10000 0 10000 10000 0 0 10000 40000 50000 20000 10000 0 0 0 10000 20000 40000 50000 80000 100000.0078125 129999.9921875 179999.96875 179999.96875 129999.9921875 80000 50000 40000 50000 80000 50000 20000 10000 10000 10000 0 0 10000 20000 10000 0 0 0 10000 0 10000 40000 90000 160000 250000 320000 410000.03125 339999.96875 250000 160000 90000 40000 10000 0 10000 40000 90000 160000 250000 339999.96875 449999.96875 580000.0625 729999.9375 900000 1090000 1300000 1530000.125 1699999.875
10000 20000 10000 0 10000 10000 10000 0 0 0 0 0 10000 10000 10000 0 0 0 0 10000 20000 50000 80000 50000 20000 10000 10000 0 0 10000 10000 20000 40000 50000 80000 129999.9921875 129999.9921875 80000 50000 20000 10000 20000 50000 40000 10000 0 0 0 0 10000 20000 10000 0 0 10000 10000 20000 10000 20000 50000 100000.0078125 169999.984375 260000 370000 490000 360000 250000 160000 90000 40000 10000 0 10000 40000 80000 129999.9921875 200000 290000 400000.03125 530000 679999.9375 850000.0625 1040000 1249999.875 1359999.875 1489999.875
40000 20000 10000 0 10000 40000 20000 10000 10000 0 10000 0 0 0 0 0 0 10000 10000 20000 50000 40000 40000 50000 50000 40000 20000 10000 0 0 0 10000 10000 20000 50000 80000 100000.0078125 50000 20000 10000 0 10000 20000 10000 10000 0 0 0 10000 10000 10000 0 0 10000 20000 40000 50000 40000 50000 80000 129999.9921875 200000 290000 400000.03125 490000 360000 250000 160000 90000 40000 10000 0 10000 20000 50000 100000.0078125 169999.984375 260000 370000 500000.03125 650000 800000 970000.0625 1060000 1170000 1300000
10000 10000 0 0 10000 20000 50000 40000 10000 0 0 10000 10000 0 0 10000 0 10000 40000 50000 20000 10000 10000 20000 40000 50000 50000 20000 10000 0 0 0 0 10000 20000 40000 50000 40000 10000 0 0 10000 10000 0 0 0 0 0 0 0 0 0 10000 20000 50000 80000 100000.0078125 90000 100000.0078125 129999.9921875 179999.96875 250000 339999.96875 449999.96875 490000 360000 250000 160000 90000 40000 10000 0 0 10000 40000 90000 160000 250000 339999.96875 449999.96875 580000.0625 729999.9375 800000 889999.9375 1000000 1130000.125
0 0 10000 0 0 10000 20000 50000 20000 10000 0 0 10000 10000 0 0 10000 20000 50000 40000 10000 0 0 10000 10000 20000 40000 20000 10000 0 0 10000 0 0 10000 10000 20000 40000 10000 0 0 10000 10000 0 0 0 0 0 0 0 0 10000 20000 50000 80000 129999.9921875 169999.984375 160000 169999.984375 200000 250000 320000 410000.03125 519999.96875 500000.03125 370000 260000 169999.984375 100000.0078125 50000 20000 10000 0 10000 40000 80000 129999.9921875 200000 290000 400000.03125 530000 580000.0625 650000 740000 850000.0625 980000.0625
10000 0 0 0 0 0 10000 40000 50000 20000 10000 0 0 10000 0 0 10000 40000 80000 50000 20000 10000 0 0 0 10000 10000 10000 0 0 10000 20000 10000 0 0 0 10000 20000 10000 0 10000 10000 0 0 0 0 0 0 0 10000 10000 20000 50000 80000 129999.9921875 179999.96875 250000 250000 260000 290000 339999.96875 410000.03125 500000.03125 610000 530000 400000.03125 290000 200000 129999.9921875 80000 40000 10000 0 10000 20000 50000 100000.0078125 169999.984375 260000 370000 400000.03125 449999.96875 519999.96875 610000 719999.875 850000.0625
0 0 0 10000 10000 0 10000 40000 80000 50000 20000 10000 0 10000 10000 10000 20000 50000 100000.0078125 80000 50000 20000 10000 10000 0 0 0 0 0 10000 20000 50000 20000 10000 10000 0 10000 10000 0 0 10000 10000 0 0 0 0 0 0 10000 0 10000 40000 90000 129999.9921875 179999.96875 250000 320000 360000 370000 400000.03125 449999.96875 519999.96875 610000 719999.875 580000.0625 449999.96875 339999.96875 250000 160000 90000 40000 10000 0 0 10000 40000 90000 160000 250000 260000 290000 339999.96875 410000.03125 500000.03125 610000 740000
10000 10000 10000 20000 20000 10000 20000 50000 100000.0078125 80000 40000 10000 0 10000 20000 40000 50000 80000 129999.9921875 129999.9921875 80000 50000 40000 20000 10000 10000 10000 10000 10000 20000 50000 80000 50000 40000 10000 0 0 0 0 10000 10000 20000 10000 10000 0 0 0 0 0 0 10000 40000 90000 160000 250000 320000 410000.03125 490000 500000.03125 530000 580000.0625 650000 740000 800000 640000 490000 360000 250000 160000 90000 40000 10000 0 0 10000 40000 90000 160000 160000 169999.984375 200000 250000 320000 410000.03125 519999.96875 650000
0 10000 20000 50000 50000 40000 50000 80000 129999.9921875 90000 40000 10000 0 0 10000 40000 90000 129999.9921875 179999.96875 179999.96875 129999.9921875 100000.0078125 80000 50000 40000 40000 40000 40000 40000 50000 80000 50000 40000 40000 10000 0 10000 0 0 0 0 10000 0 0 0 0 0 0 0 0 10000 40000 80000 129999.9921875 179999.96875 250000 339999.96875 449999.96875 580000.0625 679999.9375 729999.9375 800000 889999.9375 810000 640000 490000 360000 250000 160000 90000 40000 10000 0 0 10000 40000 90000 100000.0078125 90000 100000.0078125 129999.9921875 179999.96875 250000 339999.96875 449999.96875 580000.0625
0 0 10000 40000 90000 90000 100000.0078125 129999.9921875 169999.984375 100000.0078125 50000 20000 10000 10000 20000 50000 100000.0078125 169999.984375 250000 250000 200000 169999.984375 129999.9921875 100000.0078125 90000 90000 90000 90000 90000 100000.0078125 50000 20000 10000 20000 20000 10000 20000 10000 0 10000 0 0 0 0 0 0 0 0 0 0 10000 20000 50000 80000 129999.9921875 200000 290000 400000.03125 519999.96875 650000 800000 970000.0625 1010000 820000.125 650000 500000.03125 370000 260000 169999.984375 100000.0078125 50000 20000 10000 0 10000 40000 80000 50000 40000 50000 80000 129999.9921875 200000 290000 400000.03125 530000
0 0 10000 40000 90000 160000 169999.984375 200000 200000 129999.9921875 80000 50000 40000 40000 50000 80000 129999.9921875 200000 290000 339999.96875 290000 250000 200000 169999.984375 160000 160000 160000 160000 160000 90000 40000 10000 0 10000 10000 20000 10000 0 0 10000 10000 10000 0 10000 10000 0 0 0 0 0 0 10000 20000 50000 100000.0078125 169999.984375 250000 339999.96875 449999.96875 580000.0625 719999.875 850000.0625 1000000 850000.0625 679999.9375 530000 400000.03125 290000 200000 129999.9921875 80000 40000 10000 0 10000 40000 50000 20000 10000 20000 50000 100000.0078125 169999.984375 260000 370000 500000.03125
10000 10000 20000 50000 100000.0078125 169999.984375 260000 290000 250000 179999.96875 129999.9921875 100000.0078125 90000 90000 100000.0078125 129999.9921875 179999.96875 250000 339999.96875 449999.96875 400000.03125 339999.96875 290000 260000 250000 250000 250000 250000 160000 90000 40000 10000 0 0 0 10000 0 0 10000 20000 20000 10000 0 10000 0 0 0 0 0 10000 0 0 10000 40000 80000 129999.9921875 200000 290000 400000.03125 500000.03125 610000 740000 889999.9375 900000 729999.9375 580000.0625 449999.96875 339999.96875 250000 160000 90000 40000 10000 0 10000 40000 40000 10000 0 10000 40000 90000 160000 250000 360000 490000
40000 40000 50000 80000 129999.9921875 200000 290000 400000.03125 320000 250000 200000 169999.984375 160000 160000 169999.984375 200000 250000 320000 410000.03125 519999.96875 519999.96875 449999.96875 400000.03125 370000 360000 360000 360000 260000 169999.984375 100000.0078125 50000 20000 10000 10000 0 0 0 10000 20000 20000 10000 0 0 10000 0 0 0 0 10000 20000 10000 0 10000 20000 50000 100000.0078125 169999.984375 250000 320000 410000.03125 519999.96875 650000 800000 970000.0625 800000 640000 490000 360000 250000 160000 90000 40000 10000 0 10000 40000 20000 10000 0 10000 40000 90000 160000 250000 360000 490000
90000 90000 100000.0078125 129999.9921875 179999.96875 250000 339999.96875 449999.96875 410000.03125 339999.96875 290000 260000 250000 250000 260000 290000 339999.96875 410000.03125 500000.03125 610000 650000 580000.0625 530000 500000.03125 490000 490000 400000.03125 290000 200000 129999.9921875 80000 50000 40000 10000 0 0 0 10000 20000 10000 0 0 10000 20000 10000 10000 0 10000 20000 40000 10000 0 0 10000 40000 80000 129999.9921875 179999.96875 250000 339999.96875 449999.96875 580000.0625 729999.9375 889999.9375 810000 640000 490000 360000 250000 160000 90000 40000 10000 0 10000 40000 10000 0 0 10000 40000 90000 160000 250000 360000 490000
100000.0078125 160000 169999.984375 200000 250000 320000 410000.03125 519999.96875 519999.96875 449999.96875 400000.03125 370000 360000 360000 370000 400000.03125 449999.96875 519999.96875 610000 719999.875 800000 729999.9375 679999.9375 650000 640000 580000.0625 449999.96875 339999.96875 250000 179999.96875 129999.9921875 90000 40000 10000 0 10000 10000 20000 10000 0 0 10000 20000 50000 40000 20000 10000 20000 50000 50000 20000 10000 0 10000 20000 50000 80000 129999.9921875 200000 290000 400000.03125 519999.96875 650000 800000 810000 640000 490000 360000 250000 160000 90000 40000 10000 0 10000 40000 10000 0 0 10000 40000 90000 160000 250000 360000 490000
129999.9921875 200000 260000 290000 339999.96875 360000 370000 400000.03125 449999.96875 519999.96875 530000 500000.03125 490000 490000 500000.03125 530000 580000.0625 650000 740000 850000.0625 970000.0625 900000 850000.0625 820000.125 800000 650000 519999.96875 410000.03125 320000 250000 169999.984375 100000.0078125 50000 20000 10000 20000 40000 20000 10000 0 0 0 10000 40000 80000 50000 40000 50000 50000 20000 10000 0 0 0 10000 20000 50000 100000.0078125 169999.984375 250000 339999.96875 449999.96875 580000.0625 729999.9375 810000 640000 490000 360000 250000 160000 90000 40000 10000 0 10000 20000 20000 10000 0 10000 40000 90000 160000 250000 360000 490000
179999.96875 250000 339999.96875 290000 260000 250000 260000 290000 339999.96875 410000.03125 500000.03125 610000 640000 640000 650000 679999.9375 729999.9375 800000 889999.9375 1000000 970000.0625 900000 850000.0625 820000.125 810000 740000 610000 500000.03125 400000.03125 290000 200000 129999.9921875 80000 50000 40000 50000 20000 10000 0 0 10000 0 10000 40000 90000 100000.0078125 90000 90000 40000 10000 0 0 10000 0 0 10000 40000 80000 129999.9921875 200000 290000 400000.03125 519999.96875 650000 800000 640000 490000 360000 250000 160000 90000 40000 10000 0 0 10000 10000 10000 0 10000 40000 90000 160000 250000 360000 490000
200000 250000 250000 200000 169999.984375 160000 169999.984375 200000 250000 320000 410000.03125 519999.96875 650000 800000 820000.125 850000.0625 900000 970000.0625 1000000 889999.9375 800000 729999.9375 679999.9375 650000 640000 640000 519999.96875 410000.03125 320000 250000 200000 169999.984375 129999.9921875 80000 50000 20000 10000 0 0 10000 20000 10000 20000 50000 100000.0078125 129999.9921875 80000 50000 20000 10000 0 10000 20000 10000 0 10000 20000 50000 100000.0078125 169999.984375 250000 339999.96875 449999.96875 580000.0625 729999.9375 580000.0625 449999.96875 339999.96875 250000 160000 90000 40000 10000 0 0 0 0 10000 0 10000 40000 90000 160000 250000 360000 490000
129999.9921875 160000 169999.984375 129999.9921875 100000.0078125 90000 100000.0078125 129999.9921875 179999.96875 250000 339999.96875 449999.96875 580000.0625 729999.9375 900000 1040000 1040000 980000.0625 850000.0625 740000 650000 580000.0625 530000 500000.03125 490000 490000 449999.96875 339999.96875 250000 179999.96875 129999.9921875 100000.0078125 80000 50000 20000 10000 0 0 10000 20000 50000 40000 50000 80000 100000.0078125 80000 50000 20000 10000 0 0 10000 40000 10000 0 0 10000 40000 80000 129999.9921875 200000 290000 400000.03125 530000 679999.9375 530000 400000.03125 290000 200000 129999.9921875 80000 40000 10000 0 0 10000 0 0 0 10000 40000 90000 160000 250000 360000 490000
80000 90000 100000.0078125 80000 50000 40000 50000 80000 129999.9921875 200000 290000 400000.03125 530000 679999.9375 850000.0625 900000 850000.0625 820000.125 719999.875 610000 519999.96875 449999.96875 400000.03125 370000 360000 360000 370000 290000 200000 129999.9921875 80000 50000 40000 20000 10000 0 0 0 0 10000 40000 80000 100000.0078125 80000 50000 40000 20000 10000 0 0 10000 20000 50000 20000 10000 0 10000 20000 50000 100000.0078125 169999.984375 260000 370000 500000.03125 650000 500000.03125 370000 260000 169999.984375 100000.0078125 50000 20000 10000 0 10000 20000 10000 10000 10000 20000 50000 100000.0078125 169999.984375 260000 370000 500000.03125
40000 40000 50000 50000 20000 10000 20000 50000 100000.0078125 169999.984375 260000 370000 500000.03125 650000 800000 729999.9375 679999.9375 650000 580000.0625 500000.03125 410000.03125 339999.96875 290000 260000 250000 250000 260000 260000 169999.984375 100000.0078125 50000 20000 10000 10000 0 0 10000 10000 0 10000 20000 50000 50000 40000 20000 10000 10000 0 0 10000 20000 50000 80000 40000 10000 0 0 10000 40000 90000 160000 250000 360000 490000 640000 490000 360000 250000 160000 90000 40000 10000 0 0 10000 40000 40000 40000 40000 50000 80000 129999.9921875 200000 290000 400000.03125 530000
10000 10000 20000 40000 10000 0 10000 40000 90000 160000 250000 360000 490000 640000 650000 580000.0625 530000 500000.03125 449999.96875 400000.03125 320000 250000 200000 169999.984375 160000 160000 169999.984375 200000 129999.9921875 80000 40000 10000 0 0 0 10000 20000 10000 0 0 10000 20000 20000 10000 10000 0 0 0 10000 20000 50000 80000 100000.0078125 50000 20000 10000 0 10000 40000 90000 160000 250000 360000 490000 580000.0625 449999.96875 339999.96875 250000 160000 90000 40000 10000 0 10000 20000 50000 90000 90000 90000 100000.0078125 129999.9921875 179999.96875 250000 339999.96875 449999.96875 580000.0625
0 0 10000 20000 10000 0 10000 40000 90000 160000 250000 360000 490000 610000 519999.96875 449999.96875 400000.03125 370000 339999.96875 290000 250000 179999.96875 129999.9921875 100000.0078125 90000 90000 100000.0078125 129999.9921875 100000.0078125 50000 20000 10000 0 10000 0 10000 40000 20000 10000 0 0 10000 10000 0 0 0 10000 10000 20000 50000 80000 129999.9921875 129999.9921875 80000 50000 20000 10000 20000 50000 100000.0078125 169999.984375 260000 370000 500000.03125 530000 400000.03125 290000 200000 129999.9921875 80000 40000 10000 0 10000 40000 80000 129999.9921875 160000 160000 169999.984375 200000 250000 320000 410000.03125 519999.96875 650000
10000 0 0 10000 0 0 10000 40000 90000 160000 250000 360000 490000 500000.03125 410000.03125 339999.96875 290000 260000 250000 200000 169999.984375 129999.9921875 80000 50000 40000 40000 50000 80000 50000 40000 10000 0 0 10000 10000 20000 50000 50000 20000 10000 0 0 0 0 0 0 10000 40000 40000 50000 80000 129999.9921875 179999.96875 129999.9921875 80000 50000 40000 50000 80000 129999.9921875 200000 290000 400000.03125 530000 500000.03125 370000 260000 169999.984375 100000.0078125 50000 20000 10000 0 10000 40000 90000 160000 250000 250000 260000 290000 339999.96875 410000.03125 500000.03125 610000 740000
20000 10000 0 0 0 10000 20000 50000 100000.0078125 169999.984375 260000 370000 500000.03125 410000.03125 320000 250000 200000 169999.984375 160000 129999.9921875 100000.0078125 90000 50000 20000 10000 10000 20000 40000 20000 10000 10000 0 10000 20000 40000 50000 80000 80000 40000 10000 0 0 10000 10000 10000 0 10000 20000 10000 20000 50000 100000.0078125 169999.984375 179999.96875 129999.9921875 100000.0078125 90000 100000.0078125 129999.9921875 179999.96875 250000 339999.96875 449999.96875 580000.0625 449999.96875 339999.96875 250000 160000 90000 40000 10000 0 0 10000 40000 90000 160000 250000 360000 370000 400000.03125 449999.96875 519999.96875 610000 719999.875 850000.0625
20000 10000 0 0 10000 20000 50000 80000 129999.9921875 200000 290000 400000.03125 400000.03125 339999.96875 250000 179999.96875 129999.9921875 100000.0078125 90000 80000 50000 40000 40000 10000 0 0 10000 10000 10000 0 0 0 10000 40000 90000 100000.0078125 129999.9921875 100000.0078125 50000 20000 10000 0 0 10000 10000 0 0 10000 0 10000 40000 90000 160000 250000 200000 169999.984375 160000 169999.984375 200000 250000 320000 410000.03125 519999.96875 530000 400000.03125 290000 200000 129999.9921875 80000 40000 10000 0 0 10000 40000 90000 160000 250000 360000 490000 530000 580000.0625 650000 740000 850000.0625 980000.0625
10000 0 0 0 10000 40000 90000 129999.9921875 179999.96875 250000 339999.96875 339999.96875 290000 250000 200000 129999.9921875 80000 50000 40000 40000 20000 10000 10000 10000 0 0 0 0 0 0 10000 10000 20000 50000 100000.0078125 169999.984375 200000 129999.9921875 80000 50000 20000 10000 0 0 0 0 0 0 0 10000 40000 90000 160000 250000 290000 260000 250000 260000 290000 339999.96875 410000.03125 500000.03125 610000 500000.03125 370000 260000 169999.984375 100000.0078125 50000 20000 10000 10000 0 10000 40000 90000 160000 250000 339999.96875 449999.96875 580000.0625 729999.9375 800000 889999.9375 1000000 1130000.125
0 0 0 10000 20000 50000 100000.0078125 169999.984375 250000 320000 290000 250000 200000 169999.984375 129999.9921875 100000.0078125 50000 20000 10000 10000 10000 0 0 0 0 10000 10000 0 0 0 10000 40000 50000 80000 129999.9921875 200000 250000 179999.96875 129999.9921875 80000 50000 20000 10000 0 0 10000 10000 10000 10000 20000 50000 100000.0078125 169999.984375 260000 370000 370000 360000 370000 400000.03125 449999.96875 519999.96875 610000 640000 490000 360000 250000 160000 90000 40000 10000 0 0 0 10000 40000 80000 129999.9921875 200000 290000 400000.03125 530000 679999.9375 850000.0625 1040000 1170000 1300000
0 10000 10000 20000 50000 80000 129999.9921875 200000 290000 250000 200000 169999.984375 129999.9921875 100000.0078125 80000 50000 40000 10000 0 0 0 0 10000 10000 10000 20000 20000 10000 10000 0 10000 40000 90000 129999.9921875 179999.96875 250000 320000 250000 179999.96875 129999.9921875 80000 50000 20000 10000 10000 20000 40000 40000 40000 50000 80000 129999.9921875 200000 290000 400000.03125 500000.03125 490000 500000.03125 530000 580000.0625 650000 740000 640000 490000 360000 250000 160000 90000 40000 10000 0 0 0 10000 20000 50000 100000.0078125 169999.984375 260000 370000 500000.03125 650000 820000.125 1010000 1219999.75 1449999.875
10000 20000 40000 50000 80000 129999.9921875 179999.96875 250000 250000 179999.96875 129999.9921875 100000.0078125 80000 50000 40000 20000 10000 10000 0 0 10000 10000 20000 40000 40000 50000 20000 10000 0 0 10000 40000 90000 160000 250000 320000 410000.03125 320000 250000 179999.96875 129999.9921875 80000 50000 40000 40000 50000 80000 90000 90000 100000.0078125 129999.9921875 179999.96875 250000 339999.96875 449999.96875 580000.0625 640000 650000 679999.9375 729999.9375 800000 820000.125 650000 500000.03125 370000 260000 169999.984375 100000.0078125 50000 20000 10000 10000 0 0 10000 40000 90000 160000 250000 360000 490000 640000 800000 970000.0625 1160000 1370000
10000 20000 50000 80000 129999.9921875 160000 160000 160000 160000 129999.9921875 80000 50000 40000 20000 10000 10000 0 0 0 10000 20000 40000 50000 80000 80000 40000 10000 0 0 10000 20000 50000 100000.0078125 169999.984375 260000 370000 500000.03125 410000.03125 320000 250000 179999.96875 129999.9921875 100000.0078125 90000 90000 100000.0078125 129999.9921875 160000 160000 169999.984375 200000 250000 320000 410000.03125 519999.96875 650000 800000 820000.125 850000.0625 900000 970000.0625 850000.0625 679999.9375 530000 400000.03125 290000 200000 129999.9921875 80000 50000 40000 10000 0 10000 20000 50000 100000.0078125 169999.984375 250000 339999.96875 449999.96875 580000.0625 729999.9375 900000 1090000 1300000
0 10000 20000 50000 80000 90000 90000 90000 90000 80000 50000 20000 10000 10000 0 0 0 10000 0 10000 20000 50000 80000 100000.0078125 50000 20000 10000 0 10000 20000 50000 80000 129999.9921875 200000 290000 400000.03125 530000 500000.03125 410000.03125 320000 250000 200000 169999.984375 160000 160000 169999.984375 200000 250000 250000 260000 290000 339999.96875 410000.03125 500000.03125 610000 740000 889999.9375 1010000 1040000 1090000 1090000 900000 729999.9375 580000.0625 449999.96875 339999.96875 250000 179999.96875 129999.9921875 90000 40000 10000 0 0 10000 40000 80000 129999.9921875 200000 290000 400000.03125 530000 679999.9375 850000.0625 1000000 1090000
0 0 10000 20000 40000 40000 40000 40000 40000 50000 20000 10000 0 0 0 10000 10000 10000 0 0 10000 20000 50000 90000 40000 10000 0 0 10000 40000 90000 129999.9921875 179999.96875 250000 339999.96875 449999.96875 580000.0625 610000 500000.03125 410000.03125 339999.96875 290000 260000 250000 250000 260000 290000 339999.96875 360000 370000 400000.03125 449999.96875 519999.96875 610000 719999.875 850000.0625 1000000 1170000 1249999.875 1300000 1160000 970000.0625 800000 650000 519999.96875 410000.03125 320000 250000 169999.984375 100000.0078125 50000 20000 10000 0 10000 20000 50000 100000.0078125 169999.984375 260000 370000 500000.03125 610000 740000 850000.0625 900000
10000 0 0 10000 10000 10000 10000 10000 10000 20000 10000 0 0 10000 10000 20000 40000 20000 10000 0 0 10000 40000 80000 40000 10000 0 10000 20000 50000 100000.0078125 169999.984375 250000 320000 410000.03125 519999.96875 650000 719999.875 610000 519999.96875 449999.96875 400000.03125 370000 360000 360000 370000 400000.03125 449999.96875 490000 500000.03125 530000 580000.0625 650000 740000 850000.0625 980000.0625 1130000.125 1300000 1480000 1449999.875 1249999.875 1060000 889999.9375 740000 610000 500000.03125 400000.03125 290000 200000 129999.9921875 80000 40000 10000 0 0 10000 40000 90000 160000 250000 320000 410000.03125 519999.96875 650000 679999.9375 729999.9375
20000 10000 0 0 0 0 0 0 0 10000 0 0 10000 20000 40000 50000 80000 50000 20000 10000 0 10000 20000 50000 40000 10000 0 10000 40000 80000 129999.9921875 200000 290000 400000.03125 500000.03125 610000 740000 850000.0625 740000 650000 580000.0625 530000 500000.03125 490000 490000 500000.03125 530000 580000.0625 640000 650000 679999.9375 729999.9375 800000 889999.9375 1000000 1130000.125 1280000 1449999.875 1359999.875 1249999.875 1130000.125 1000000 889999.9375 800000 719999.875 580000.0625 449999.96875 339999.96875 250000 169999.984375 100000.0078125 50000 20000 10000 0 10000 40000 80000 129999.9921875 179999.96875 250000 339999.96875 449999.96875 500000.03125 530000 580000.0625
40000 10000 0 0 10000 10000 10000 10000 0 0 0 10000 20000 50000 80000 100000.0078125 129999.9921875 80000 40000 10000 0 0 10000 20000 40000 10000 0 10000 40000 80000 129999.9921875 200000 290000 400000.03125 530000 650000 729999.9375 800000 889999.9375 800000 729999.9375 679999.9375 650000 640000 640000 650000 679999.9375 729999.9375 800000 820000.125 850000.0625 900000 970000.0625 1060000 1170000 1300000 1359999.875 1249999.875 1160000 1060000 970000.0625 850000.0625 740000 650000 580000.0625 500000.03125 410000.03125 320000 250000 169999.984375 100000.0078125 50000 20000 10000 0 10000 20000 50000 80000 129999.9921875 200000 290000 339999.96875 370000 400000.03125 449999.96875
