data/inputs/roads_proximity_100m_clip.asc
ncols        932
nrows        855
xllcorner    218844.600000000006
yllcorner    603013.516679871012
cellsize     100.000000000000
NODATA_value  -1
[rows 456 to 493 of 855, columns 774 to 859 of 932]
20000 40000 20000 10000 0 10000 10000 0 10000 40000 80000 100000.0078125 129999.9921875 179999.96875 250000 320000 250000 200000 169999.984375 160000 169999.984375 169999.984375 100000.0078125 50000 20000 10000 0 0 0 0 10000 10000 0 10000 10000 0 10000 40000 80000 90000 90000 100000.0078125 129999.9921875 160000 169999.984375 200000 250000 290000 339999.96875 410000.03125 500000.03125 580000.0625 650000 729999.9375 610000 500000.03125 400000.03125 290000 200000 129999.9921875 80000 50000 20000 10000 0 10000 10000 0 0 0 10000 10000 10000 10000 10000 10000 20000 50000 100000.0078125 169999.984375 169999.984375 129999.9921875 100000.0078125 90000 40000 10000
10000 10000 10000 10000 0 0 0 0 10000 20000 40000 50000 80000 129999.9921875 200000 290000 339999.96875 290000 260000 250000 250000 160000 90000 40000 10000 0 0 10000 0 0 0 0 0 0 0 10000 10000 20000 40000 40000 40000 50000 80000 90000 100000.0078125 129999.9921875 169999.984375 200000 250000 320000 400000.03125 449999.96875 519999.96875 580000.0625 650000 580000.0625 449999.96875 339999.96875 250000 179999.96875 129999.9921875 80000 40000 10000 0 0 0 0 0 10000 20000 40000 40000 40000 40000 40000 50000 80000 129999.9921875 129999.9921875 100000.0078125 80000 50000 40000 40000 10000
0 0 0 0 0 0 0 0 0 10000 10000 20000 50000 100000.0078125 169999.984375 250000 320000 400000.03125 370000 360000 250000 160000 90000 40000 10000 0 10000 20000 10000 10000 10000 10000 0 0 0 0 0 10000 10000 10000 10000 20000 40000 40000 50000 80000 100000.0078125 129999.9921875 179999.96875 250000 290000 339999.96875 400000.03125 449999.96875 519999.96875 580000.0625 519999.96875 410000.03125 320000 250000 169999.984375 100000.0078125 50000 20000 10000 0 10000 10000 0 0 10000 40000 90000 90000 90000 90000 100000.0078125 129999.9921875 129999.9921875 80000 50000 40000 20000 10000 10000 10000
10000 10000 10000 10000 10000 10000 10000 10000 0 0 0 10000 40000 90000 129999.9921875 179999.96875 250000 339999.96875 449999.96875 360000 250000 160000 90000 40000 10000 0 10000 20000 40000 40000 40000 10000 0 10000 10000 10000 0 0 0 0 0 10000 10000 10000 20000 40000 50000 80000 129999.9921875 169999.984375 200000 250000 290000 339999.96875 400000.03125 449999.96875 519999.96875 500000.03125 400000.03125 290000 200000 129999.9921875 80000 40000 10000 0 10000 20000 10000 10000 20000 50000 100000.0078125 160000 160000 160000 169999.984375 129999.9921875 80000 50000 20000 10000 10000 0 0 0
20000 40000 40000 40000 40000 40000 40000 20000 10000 10000 0 10000 40000 50000 80000 129999.9921875 200000 290000 400000.03125 360000 250000 160000 90000 40000 10000 0 0 10000 20000 50000 40000 10000 0 10000 40000 20000 10000 10000 10000 10000 0 0 0 0 10000 10000 20000 50000 80000 100000.0078125 129999.9921875 169999.984375 200000 250000 290000 339999.96875 410000.03125 500000.03125 449999.96875 339999.96875 250000 160000 90000 40000 10000 0 10000 40000 40000 40000 50000 80000 129999.9921875 200000 250000 250000 169999.984375 100000.0078125 50000 20000 10000 0 0 0 10000 10000
10000 40000 80000 90000 90000 90000 80000 50000 40000 10000 0 10000 10000 20000 50000 100000.0078125 169999.984375 260000 370000 370000 260000 169999.984375 100000.0078125 50000 20000 10000 0 0 10000 40000 40000 10000 0 10000 40000 50000 40000 40000 40000 20000 10000 10000 10000 0 0 0 10000 20000 40000 50000 80000 100000.0078125 129999.9921875 169999.984375 200000 250000 320000 370000 400000.03125 339999.96875 250000 160000 90000 40000 10000 0 10000 40000 90000 90000 100000.0078125 129999.9921875 160000 169999.984375 200000 179999.96875 129999.9921875 90000 40000 10000 0 0 10000 10000 20000 40000
10000 20000 50000 80000 129999.9921875 160000 129999.9921875 90000 40000 10000 0 0 0 10000 40000 90000 160000 250000 360000 400000.03125 290000 200000 129999.9921875 80000 50000 20000 10000 0 10000 20000 40000 10000 0 10000 40000 90000 90000 90000 80000 50000 40000 40000 20000 10000 10000 0 0 10000 10000 20000 40000 50000 80000 100000.0078125 129999.9921875 179999.96875 250000 260000 290000 290000 200000 129999.9921875 80000 40000 10000 0 10000 40000 90000 160000 129999.9921875 100000.0078125 90000 100000.0078125 129999.9921875 129999.9921875 80000 50000 20000 10000 0 10000 20000 40000 50000 80000
0 10000 20000 50000 80000 129999.9921875 169999.984375 100000.0078125 50000 20000 10000 10000 10000 20000 50000 100000.0078125 169999.984375 260000 370000 449999.96875 339999.96875 250000 179999.96875 129999.9921875 80000 40000 10000 0 0 10000 40000 10000 0 10000 40000 90000 160000 160000 129999.9921875 100000.0078125 90000 80000 50000 40000 20000 10000 0 0 0 10000 10000 20000 40000 50000 80000 129999.9921875 160000 169999.984375 200000 250000 169999.984375 100000.0078125 50000 20000 10000 0 10000 40000 90000 129999.9921875 80000 50000 40000 50000 80000 100000.0078125 50000 20000 10000 0 0 10000 40000 90000 100000.0078125 129999.9921875
0 0 10000 20000 50000 80000 129999.9921875 129999.9921875 80000 50000 40000 40000 40000 50000 80000 129999.9921875 200000 290000 400000.03125 519999.96875 410000.03125 320000 250000 160000 90000 40000 10000 0 0 10000 40000 10000 0 10000 40000 80000 129999.9921875 200000 200000 169999.984375 160000 129999.9921875 100000.0078125 80000 50000 20000 10000 10000 0 0 0 10000 10000 20000 50000 80000 90000 100000.0078125 129999.9921875 179999.96875 160000 90000 40000 10000 0 0 10000 40000 90000 100000.0078125 50000 20000 10000 20000 50000 80000 40000 10000 0 0 10000 20000 50000 100000.0078125 169999.984375 169999.984375
10000 0 0 10000 20000 50000 80000 129999.9921875 129999.9921875 100000.0078125 90000 90000 90000 100000.0078125 129999.9921875 179999.96875 250000 339999.96875 449999.96875 580000.0625 490000 360000 250000 160000 90000 40000 10000 0 10000 20000 40000 10000 0 10000 20000 50000 100000.0078125 169999.984375 250000 250000 250000 200000 169999.984375 129999.9921875 80000 50000 40000 20000 10000 0 0 0 0 10000 20000 40000 40000 50000 80000 129999.9921875 160000 90000 40000 10000 0 10000 20000 50000 100000.0078125 90000 40000 10000 0 10000 20000 50000 20000 10000 0 10000 20000 50000 80000 129999.9921875 200000 129999.9921875
20000 10000 0 0 10000 20000 50000 100000.0078125 169999.984375 169999.984375 160000 160000 160000 169999.984375 200000 250000 320000 410000.03125 519999.96875 640000 490000 360000 250000 160000 90000 40000 10000 0 10000 40000 40000 10000 0 0 10000 40000 90000 160000 160000 160000 160000 160000 169999.984375 179999.96875 129999.9921875 100000.0078125 80000 50000 20000 10000 10000 10000 0 0 10000 10000 10000 20000 50000 90000 100000.0078125 90000 40000 10000 0 0 10000 40000 90000 90000 40000 10000 0 0 10000 20000 10000 0 0 10000 40000 90000 129999.9921875 179999.96875 169999.984375 100000.0078125
50000 20000 10000 0 0 10000 40000 80000 129999.9921875 200000 250000 250000 250000 260000 290000 339999.96875 410000.03125 500000.03125 610000 640000 490000 360000 250000 160000 90000 40000 10000 0 10000 40000 50000 20000 10000 0 10000 40000 90000 90000 90000 90000 90000 90000 100000.0078125 129999.9921875 179999.96875 169999.984375 129999.9921875 80000 50000 40000 40000 20000 10000 0 0 0 0 10000 40000 40000 50000 80000 40000 10000 0 0 10000 40000 90000 100000.0078125 50000 20000 10000 0 0 10000 0 0 10000 20000 50000 100000.0078125 169999.984375 179999.96875 129999.9921875 90000
80000 50000 20000 10000 0 10000 20000 50000 100000.0078125 169999.984375 250000 339999.96875 360000 370000 400000.03125 449999.96875 519999.96875 610000 719999.875 650000 500000.03125 370000 260000 169999.984375 100000.0078125 50000 20000 10000 20000 40000 20000 10000 10000 0 10000 40000 40000 40000 40000 40000 40000 40000 50000 80000 129999.9921875 200000 179999.96875 129999.9921875 100000.0078125 90000 80000 50000 20000 10000 10000 10000 0 10000 10000 10000 20000 50000 40000 10000 0 10000 20000 50000 100000.0078125 129999.9921875 80000 50000 20000 10000 0 0 0 10000 20000 50000 80000 129999.9921875 179999.96875 129999.9921875 80000 50000
129999.9921875 80000 40000 10000 0 0 10000 40000 80000 129999.9921875 200000 290000 400000.03125 500000.03125 490000 500000.03125 530000 580000.0625 650000 679999.9375 530000 400000.03125 290000 200000 129999.9921875 80000 50000 40000 20000 10000 10000 0 0 0 10000 10000 10000 10000 10000 10000 10000 10000 20000 50000 100000.0078125 169999.984375 250000 200000 169999.984375 160000 129999.9921875 80000 50000 40000 40000 10000 0 0 0 0 10000 20000 40000 10000 0 10000 40000 80000 129999.9921875 179999.96875 129999.9921875 80000 50000 20000 10000 0 10000 20000 50000 80000 129999.9921875 179999.96875 129999.9921875 80000 50000 20000
169999.984375 100000.0078125 50000 20000 10000 0 10000 20000 50000 100000.0078125 169999.984375 250000 339999.96875 370000 360000 370000 400000.03125 449999.96875 519999.96875 610000 580000.0625 449999.96875 339999.96875 250000 179999.96875 129999.9921875 90000 40000 10000 0 0 0 10000 0 0 0 0 0 0 0 0 0 10000 40000 90000 160000 250000 290000 260000 250000 179999.96875 129999.9921875 100000.0078125 90000 50000 20000 10000 10000 10000 0 0 10000 20000 10000 0 10000 20000 50000 100000.0078125 129999.9921875 80000 50000 20000 10000 0 0 10000 40000 90000 129999.9921875 179999.96875 129999.9921875 80000 50000 20000 10000
200000 129999.9921875 80000 40000 10000 0 0 10000 40000 80000 129999.9921875 200000 290000 260000 250000 260000 290000 339999.96875 410000.03125 500000.03125 610000 519999.96875 410000.03125 320000 250000 160000 90000 40000 10000 0 10000 10000 20000 10000 0 10000 10000 10000 10000 10000 10000 10000 20000 50000 100000.0078125 169999.984375 260000 370000 370000 320000 250000 200000 169999.984375 129999.9921875 80000 50000 40000 40000 20000 10000 0 0 10000 10000 0 0 10000 40000 90000 80000 50000 20000 10000 0 0 10000 20000 50000 100000.0078125 169999.984375 129999.9921875 80000 50000 20000 10000 0
250000 169999.984375 100000.0078125 50000 20000 10000 0 10000 20000 50000 100000.0078125 169999.984375 200000 169999.984375 160000 169999.984375 200000 250000 320000 410000.03125 519999.96875 610000 500000.03125 370000 260000 169999.984375 100000.0078125 50000 20000 10000 20000 40000 40000 10000 0 0 10000 40000 40000 40000 40000 40000 50000 80000 129999.9921875 200000 290000 400000.03125 449999.96875 410000.03125 339999.96875 290000 250000 179999.96875 129999.9921875 100000.0078125 90000 80000 50000 20000 10000 0 0 10000 10000 0 10000 40000 40000 40000 20000 10000 0 0 10000 20000 50000 80000 129999.9921875 129999.9921875 80000 50000 20000 10000 0 0
290000 200000 129999.9921875 80000 40000 10000 0 0 10000 40000 80000 129999.9921875 129999.9921875 100000.0078125 90000 100000.0078125 129999.9921875 179999.96875 250000 339999.96875 410000.03125 500000.03125 530000 400000.03125 290000 200000 129999.9921875 80000 50000 40000 50000 80000 50000 20000 10000 0 10000 40000 90000 90000 90000 90000 100000.0078125 129999.9921875 179999.96875 250000 260000 290000 339999.96875 410000.03125 400000.03125 370000 320000 250000 200000 169999.984375 160000 129999.9921875 80000 50000 20000 10000 0 0 0 0 10000 10000 10000 10000 10000 0 0 10000 20000 50000 80000 129999.9921875 129999.9921875 80000 50000 20000 10000 0 0 10000
339999.96875 250000 169999.984375 100000.0078125 50000 20000 10000 0 10000 20000 50000 100000.0078125 80000 50000 40000 50000 80000 129999.9921875 200000 250000 320000 410000.03125 519999.96875 449999.96875 339999.96875 250000 179999.96875 129999.9921875 100000.0078125 90000 100000.0078125 129999.9921875 80000 40000 10000 0 10000 40000 90000 160000 160000 160000 169999.984375 200000 169999.984375 160000 169999.984375 200000 250000 320000 290000 260000 250000 200000 169999.984375 160000 129999.9921875 100000.0078125 90000 80000 50000 20000 10000 10000 0 0 0 0 0 0 0 0 10000 20000 50000 80000 129999.9921875 129999.9921875 80000 50000 20000 10000 0 0 10000 20000
400000.03125 290000 200000 129999.9921875 80000 40000 10000 0 0 10000 40000 50000 40000 20000 10000 20000 50000 100000.0078125 129999.9921875 179999.96875 250000 339999.96875 449999.96875 519999.96875 410000.03125 320000 250000 200000 169999.984375 160000 169999.984375 129999.9921875 80000 40000 10000 0 10000 40000 90000 160000 250000 250000 179999.96875 129999.9921875 100000.0078125 90000 100000.0078125 129999.9921875 179999.96875 250000 200000 169999.984375 160000 129999.9921875 100000.0078125 90000 80000 50000 40000 40000 40000 40000 40000 20000 10000 0 0 0 10000 10000 10000 10000 20000 50000 80000 129999.9921875 169999.984375 100000.0078125 50000 20000 10000 0 0 10000 20000 50000
449999.96875 339999.96875 250000 169999.984375 100000.0078125 50000 20000 10000 0 10000 40000 20000 10000 10000 0 10000 40000 50000 80000 129999.9921875 200000 290000 400000.03125 530000 500000.03125 410000.03125 339999.96875 290000 260000 250000 169999.984375 100000.0078125 50000 20000 10000 0 10000 40000 90000 160000 250000 200000 129999.9921875 80000 50000 40000 50000 80000 129999.9921875 160000 129999.9921875 100000.0078125 90000 80000 50000 40000 40000 20000 10000 10000 10000 10000 10000 10000 10000 0 0 0 10000 40000 40000 40000 50000 80000 129999.9921875 179999.96875 160000 90000 40000 10000 0 0 10000 20000 50000 80000
410000.03125 320000 250000 179999.96875 129999.9921875 80000 40000 10000 0 10000 40000 10000 0 10000 0 10000 10000 20000 50000 100000.0078125 169999.984375 260000 370000 500000.03125 410000.03125 320000 250000 200000 169999.984375 160000 160000 90000 40000 10000 0 0 10000 40000 90000 160000 250000 169999.984375 100000.0078125 50000 20000 10000 20000 50000 80000 90000 80000 50000 40000 40000 20000 10000 10000 10000 0 0 0 0 0 0 0 0 10000 0 10000 20000 50000 90000 100000.0078125 129999.9921875 179999.96875 250000 160000 90000 40000 10000 0 10000 20000 50000 80000 129999.9921875
320000 250000 179999.96875 129999.9921875 80000 50000 40000 10000 0 10000 20000 10000 0 0 0 0 0 10000 40000 90000 160000 250000 360000 449999.96875 339999.96875 250000 179999.96875 129999.9921875 100000.0078125 90000 100000.0078125 80000 40000 10000 0 0 10000 40000 90000 160000 179999.96875 129999.9921875 90000 40000 10000 0 10000 20000 40000 40000 40000 20000 10000 10000 10000 0 0 0 0 10000 10000 10000 10000 10000 10000 10000 10000 0 0 10000 40000 80000 129999.9921875 169999.984375 160000 160000 160000 90000 40000 10000 0 10000 40000 90000 129999.9921875 179999.96875
250000 179999.96875 129999.9921875 80000 50000 20000 10000 10000 0 10000 10000 0 0 0 0 0 0 10000 40000 90000 160000 250000 360000 400000.03125 290000 200000 129999.9921875 80000 50000 40000 50000 50000 20000 10000 0 10000 20000 50000 100000.0078125 169999.984375 129999.9921875 80000 50000 20000 10000 0 0 10000 10000 10000 10000 10000 0 0 0 0 10000 0 10000 20000 40000 40000 40000 40000 40000 40000 20000 10000 0 10000 20000 50000 80000 100000.0078125 90000 90000 100000.0078125 90000 40000 10000 0 10000 40000 90000 160000 250000
200000 129999.9921875 80000 50000 20000 10000 0 0 0 0 0 0 10000 0 10000 10000 10000 20000 50000 100000.0078125 169999.984375 260000 370000 370000 260000 169999.984375 100000.0078125 50000 20000 10000 20000 40000 10000 0 0 10000 40000 80000 129999.9921875 100000.0078125 90000 50000 20000 10000 0 0 0 10000 0 0 0 0 0 10000 10000 10000 10000 0 10000 40000 90000 90000 90000 90000 90000 80000 40000 10000 0 0 10000 20000 50000 50000 40000 40000 50000 80000 40000 10000 0 10000 40000 90000 160000 250000
169999.984375 100000.0078125 50000 20000 10000 0 0 10000 10000 10000 0 10000 10000 0 10000 40000 40000 50000 80000 129999.9921875 200000 290000 400000.03125 360000 250000 160000 90000 40000 10000 0 10000 20000 10000 0 10000 20000 50000 100000.0078125 80000 50000 40000 40000 10000 0 0 10000 0 0 0 0 0 10000 10000 20000 40000 40000 20000 10000 20000 50000 100000.0078125 160000 160000 160000 160000 100000.0078125 50000 20000 10000 0 0 10000 20000 20000 10000 10000 20000 40000 40000 10000 0 10000 40000 80000 129999.9921875 200000
129999.9921875 90000 40000 10000 0 0 10000 20000 40000 10000 0 0 10000 0 10000 40000 90000 100000.0078125 129999.9921875 179999.96875 250000 339999.96875 449999.96875 360000 250000 160000 90000 40000 10000 0 0 10000 10000 0 10000 40000 80000 80000 50000 20000 10000 10000 10000 0 0 0 0 10000 10000 10000 0 10000 40000 50000 80000 80000 50000 40000 50000 80000 129999.9921875 200000 250000 250000 200000 129999.9921875 80000 50000 20000 10000 0 0 10000 10000 0 0 10000 10000 20000 10000 0 10000 20000 50000 100000.0078125 169999.984375
80000 50000 20000 10000 0 10000 20000 50000 50000 20000 10000 0 10000 0 10000 40000 90000 160000 200000 250000 320000 410000.03125 500000.03125 370000 260000 169999.984375 100000.0078125 50000 20000 10000 0 0 0 0 10000 40000 50000 40000 20000 10000 0 0 0 0 10000 10000 10000 20000 40000 20000 10000 20000 50000 100000.0078125 129999.9921875 129999.9921875 100000.0078125 90000 100000.0078125 129999.9921875 179999.96875 250000 339999.96875 339999.96875 250000 179999.96875 129999.9921875 80000 50000 20000 10000 0 0 0 0 0 0 0 10000 10000 0 0 10000 40000 90000 160000
50000 20000 10000 0 0 10000 20000 50000 80000 40000 10000 0 0 0 10000 40000 90000 160000 250000 339999.96875 410000.03125 500000.03125 530000 400000.03125 290000 200000 129999.9921875 80000 50000 20000 10000 0 0 10000 20000 40000 20000 10000 10000 0 0 10000 10000 10000 20000 40000 40000 50000 80000 50000 40000 50000 80000 129999.9921875 200000 200000 169999.984375 160000 169999.984375 200000 250000 320000 410000.03125 410000.03125 320000 250000 179999.96875 129999.9921875 80000 50000 20000 10000 0 0 10000 10000 10000 10000 20000 10000 0 0 10000 40000 90000 160000
20000 10000 0 0 0 0 10000 40000 90000 50000 20000 10000 0 0 10000 40000 90000 160000 250000 360000 490000 610000 580000.0625 449999.96875 339999.96875 250000 179999.96875 129999.9921875 80000 50000 20000 10000 0 10000 10000 10000 10000 0 0 0 10000 20000 40000 40000 50000 80000 90000 100000.0078125 129999.9921875 100000.0078125 90000 100000.0078125 129999.9921875 179999.96875 250000 290000 260000 250000 260000 290000 339999.96875 410000.03125 500000.03125 500000.03125 410000.03125 320000 250000 179999.96875 129999.9921875 80000 50000 20000 10000 0 10000 20000 40000 40000 20000 10000 0 10000 20000 50000 100000.0078125 169999.984375
10000 0 0 10000 10000 10000 20000 50000 100000.0078125 80000 50000 20000 10000 0 10000 40000 90000 160000 250000 360000 490000 640000 580000.0625 449999.96875 339999.96875 250000 179999.96875 129999.9921875 100000.0078125 80000 40000 10000 0 0 0 0 0 0 10000 10000 20000 50000 80000 90000 100000.0078125 129999.9921875 160000 169999.984375 200000 169999.984375 160000 169999.984375 200000 250000 320000 400000.03125 370000 360000 370000 400000.03125 449999.96875 519999.96875 610000 610000 500000.03125 410000.03125 320000 250000 179999.96875 129999.9921875 80000 40000 10000 0 0 10000 40000 40000 10000 0 0 10000 40000 80000 129999.9921875 200000
0 0 10000 20000 40000 40000 50000 80000 129999.9921875 90000 40000 10000 0 0 10000 40000 90000 160000 250000 360000 490000 580000.0625 530000 400000.03125 290000 200000 129999.9921875 80000 50000 40000 40000 10000 0 0 0 10000 10000 0 0 10000 40000 80000 129999.9921875 160000 169999.984375 200000 250000 260000 290000 260000 250000 260000 290000 339999.96875 410000.03125 500000.03125 500000.03125 490000 500000.03125 530000 580000.0625 650000 740000 719999.875 610000 500000.03125 410000.03125 320000 250000 169999.984375 100000.0078125 50000 20000 10000 0 10000 40000 40000 10000 0 10000 20000 50000 100000.0078125 169999.984375 250000
0 10000 20000 50000 80000 90000 100000.0078125 129999.9921875 169999.984375 100000.0078125 50000 20000 10000 0 10000 40000 90000 160000 250000 339999.96875 449999.96875 449999.96875 400000.03125 370000 260000 169999.984375 100000.0078125 50000 20000 10000 20000 10000 0 10000 10000 20000 20000 10000 0 10000 20000 50000 100000.0078125 169999.984375 260000 290000 339999.96875 370000 400000.03125 370000 360000 370000 400000.03125 449999.96875 519999.96875 610000 650000 640000 650000 679999.9375 729999.9375 729999.9375 679999.9375 650000 640000 610000 500000.03125 400000.03125 290000 200000 129999.9921875 80000 40000 10000 0 10000 40000 40000 10000 0 10000 40000 80000 129999.9921875 200000 290000
10000 20000 50000 80000 129999.9921875 160000 169999.984375 200000 160000 90000 40000 10000 0 0 10000 40000 80000 129999.9921875 200000 290000 400000.03125 339999.96875 290000 260000 250000 160000 90000 40000 10000 0 10000 0 0 10000 40000 50000 40000 10000 0 0 10000 40000 90000 160000 250000 360000 449999.96875 500000.03125 530000 500000.03125 490000 500000.03125 530000 580000.0625 650000 740000 820000.125 810000 820000.125 740000 650000 580000.0625 530000 500000.03125 490000 490000 490000 449999.96875 339999.96875 250000 160000 90000 40000 10000 0 10000 20000 40000 10000 0 10000 40000 90000 160000 250000 339999.96875
20000 50000 80000 129999.9921875 179999.96875 250000 260000 260000 169999.984375 100000.0078125 50000 20000 10000 0 10000 20000 50000 100000.0078125 169999.984375 260000 320000 250000 200000 169999.984375 160000 129999.9921875 80000 40000 10000 0 0 0 0 10000 40000 90000 50000 20000 10000 0 10000 40000 90000 160000 250000 360000 490000 640000 679999.9375 650000 640000 650000 679999.9375 729999.9375 800000 889999.9375 1000000 850000.0625 719999.875 610000 519999.96875 449999.96875 400000.03125 370000 360000 360000 360000 360000 320000 250000 160000 90000 40000 10000 0 0 10000 20000 10000 0 10000 40000 90000 160000 250000 360000
50000 80000 129999.9921875 179999.96875 250000 320000 370000 290000 200000 129999.9921875 80000 40000 10000 0 0 10000 40000 90000 160000 250000 250000 179999.96875 129999.9921875 100000.0078125 90000 100000.0078125 50000 20000 10000 0 0 10000 0 10000 40000 90000 80000 50000 20000 10000 20000 50000 100000.0078125 169999.984375 260000 370000 500000.03125 650000 820000.125 820000.125 810000 820000.125 850000.0625 900000 970000.0625 1060000 889999.9375 740000 610000 500000.03125 410000.03125 339999.96875 290000 260000 250000 250000 250000 250000 250000 179999.96875 129999.9921875 100000.0078125 50000 20000 10000 0 0 10000 0 0 10000 40000 90000 160000 250000 339999.96875
80000 129999.9921875 179999.96875 250000 320000 410000.03125 449999.96875 339999.96875 250000 169999.984375 100000.0078125 50000 20000 10000 0 10000 40000 80000 129999.9921875 200000 169999.984375 129999.9921875 80000 50000 40000 50000 40000 10000 0 0 10000 10000 0 10000 40000 90000 129999.9921875 80000 50000 40000 50000 80000 129999.9921875 200000 290000 400000.03125 530000 679999.9375 850000.0625 1010000 1000000 1010000 1040000 1090000 1160000 970000.0625 800000 650000 519999.96875 410000.03125 320000 250000 200000 169999.984375 160000 160000 160000 160000 160000 129999.9921875 80000 50000 40000 40000 20000 10000 0 10000 0 10000 20000 50000 100000.0078125 169999.984375 260000 290000
129999.9921875 179999.96875 250000 320000 410000.03125 500000.03125 519999.96875 400000.03125 290000 200000 129999.9921875 80000 40000 10000 0 10000 20000 50000 100000.0078125 129999.9921875 100000.0078125 90000 50000 20000 10000 20000 20000 10000 0 0 10000 10000 0 10000 40000 80000 129999.9921875 129999.9921875 100000.0078125 90000 100000.0078125 129999.9921875 179999.96875 250000 339999.96875 449999.96875 580000.0625 729999.9375 900000 1090000 1210000 1219999.75 1249999.875 1280000 1090000 900000 729999.9375 580000.0625 449999.96875 339999.96875 250000 179999.96875 129999.9921875 100000.0078125 90000 90000 90000 90000 90000 100000.0078125 50000 20000 10000 10000 10000 10000 0 0 0 10000 40000 80000 129999.9921875 200000 290000 250000
